(kicad_pcb (version 20171130) (host pcbnew "(5.1.2)-1")

  (general
    (thickness 1.6)
    (drawings 13)
    (tracks 927)
    (zones 0)
    (modules 90)
    (nets 103)
  )

  (page A4)
  (layers
    (0 F.Cu signal)
    (1 GND.Cu power hide)
    (2 VCC.Cu power hide)
    (31 B.Cu signal)
    (32 B.Adhes user hide)
    (33 F.Adhes user hide)
    (34 B.Paste user hide)
    (35 F.Paste user)
    (36 B.SilkS user)
    (37 F.SilkS user hide)
    (38 B.Mask user)
    (39 F.Mask user)
    (40 Dwgs.User user)
    (41 Cmts.User user)
    (42 Eco1.User user)
    (43 Eco2.User user)
    (44 Edge.Cuts user)
    (45 Margin user)
    (46 B.CrtYd user)
    (47 F.CrtYd user)
    (48 B.Fab user)
    (49 F.Fab user hide)
  )

  (setup
    (last_trace_width 0.25)
    (user_trace_width 0.2933)
    (user_trace_width 0.8)
    (trace_clearance 0.2)
    (zone_clearance 0.508)
    (zone_45_only no)
    (trace_min 0.2)
    (via_size 0.8)
    (via_drill 0.4)
    (via_min_size 0.4)
    (via_min_drill 0.3)
    (uvia_size 0.3)
    (uvia_drill 0.1)
    (uvias_allowed no)
    (uvia_min_size 0.2)
    (uvia_min_drill 0.1)
    (edge_width 0.05)
    (segment_width 0.2)
    (pcb_text_width 0.3)
    (pcb_text_size 1.5 1.5)
    (mod_edge_width 0.12)
    (mod_text_size 1 1)
    (mod_text_width 0.15)
    (pad_size 1.524 1.524)
    (pad_drill 0.762)
    (pad_to_mask_clearance 0.051)
    (solder_mask_min_width 0.25)
    (aux_axis_origin 0 0)
    (visible_elements 7FFFFFFF)
    (pcbplotparams
      (layerselection 0x010fc_ffffffff)
      (usegerberextensions false)
      (usegerberattributes false)
      (usegerberadvancedattributes false)
      (creategerberjobfile false)
      (excludeedgelayer true)
      (linewidth 0.100000)
      (plotframeref false)
      (viasonmask false)
      (mode 1)
      (useauxorigin false)
      (hpglpennumber 1)
      (hpglpenspeed 20)
      (hpglpendiameter 15.000000)
      (psnegative false)
      (psa4output false)
      (plotreference true)
      (plotvalue true)
      (plotinvisibletext false)
      (padsonsilk false)
      (subtractmaskfromsilk false)
      (outputformat 1)
      (mirror false)
      (drillshape 1)
      (scaleselection 1)
      (outputdirectory ""))
  )

  (net 0 "")
  (net 1 GND)
  (net 2 +3V3)
  (net 3 "Net-(C2-Pad1)")
  (net 4 "Net-(C20-Pad2)")
  (net 5 "Net-(C20-Pad1)")
  (net 6 /MCU/XIN)
  (net 7 /MCU/XOUT)
  (net 8 "Net-(C89-Pad1)")
  (net 9 "Net-(C90-Pad1)")
  (net 10 /MCU/SWCLK)
  (net 11 /MCU/SWDIO)
  (net 12 /MCU/USB_DM)
  (net 13 /pyro_driver/FIRE_A)
  (net 14 /MCU/MCU_PA02)
  (net 15 /pyro_driver/FIRE_B)
  (net 16 /pyro_driver/FET_B)
  (net 17 /MCU/MCU_PA09)
  (net 18 /MCU/MCU_PA21)
  (net 19 /MCU/MCU_PA20)
  (net 20 /MCU/MCU_PA27)
  (net 21 /MCU/MCU_SCLK1)
  (net 22 /MCU/MCU_MISO1)
  (net 23 /MCU/MCU_MOSI1)
  (net 24 /MCU/MCU_NSEL1)
  (net 25 /gps/GPS_TXD)
  (net 26 /gps/GPS_RXD)
  (net 27 /gps/GPS_1PPS)
  (net 28 /gps/GPS_NRES)
  (net 29 /gps/GPS_SDA)
  (net 30 /gps/GPS_SCL)
  (net 31 /gps/GPS_NSAFEBOOT)
  (net 32 /MCU/MCU_NSEL4)
  (net 33 /MCU/MCU_MISO4)
  (net 34 /MCU/MCU_MOSI4)
  (net 35 /MCU/MCU_SCLK4)
  (net 36 /sensors/ACCL_RDY)
  (net 37 /sensors/GYRO_RDY)
  (net 38 /MCU/MCU_PB12)
  (net 39 "Net-(C30-Pad1)")
  (net 40 "Net-(D1-Pad2)")
  (net 41 "Net-(D2-Pad2)")
  (net 42 /power_supply/USB_DM)
  (net 43 "Net-(J2-Pad4)")
  (net 44 /MCU/MCU_PB04)
  (net 45 /pyro_driver/FET_A)
  (net 46 /MCU/MCU_PB05)
  (net 47 /pyro_driver/FIRE_C)
  (net 48 /pyro_driver/FIRE_D)
  (net 49 /pyro_driver/FET_C)
  (net 50 /MCU/MCU_PB06)
  (net 51 /MCU/MCU_PB07)
  (net 52 /pyro_driver/FET_D)
  (net 53 /MCU/LED_RED)
  (net 54 /MCU/LED_BLUE)
  (net 55 /sensors/MAG_RDY)
  (net 56 "Net-(U1-Pad2)")
  (net 57 "Net-(U3-Pad5)")
  (net 58 "Net-(U3-Pad7)")
  (net 59 "Net-(U3-Pad16)")
  (net 60 "Net-(U4-Pad5)")
  (net 61 "Net-(U4-Pad6)")
  (net 62 "Net-(U4-Pad15)")
  (net 63 "Net-(U8-Pad6)")
  (net 64 "Net-(U10-Pad5)")
  (net 65 "Net-(U10-Pad1)")
  (net 66 "Net-(U10-Pad13)")
  (net 67 "Net-(U11-Pad1)")
  (net 68 "Net-(U11-Pad2)")
  (net 69 "Net-(U11-Pad4)")
  (net 70 "Net-(U11-Pad13)")
  (net 71 "Net-(U11-Pad17)")
  (net 72 "Net-(U11-Pad55)")
  (net 73 "Net-(U11-Pad59)")
  (net 74 "Net-(U11-Pad60)")
  (net 75 "Net-(U11-Pad61)")
  (net 76 "Net-(U11-Pad62)")
  (net 77 "Net-(X1-Pad1)")
  (net 78 "Net-(U1-Pad12)")
  (net 79 "Net-(U1-Pad11)")
  (net 80 "Net-(C9-Pad2)")
  (net 81 "Net-(C34-Pad1)")
  (net 82 "Net-(C35-Pad1)")
  (net 83 Vdrive)
  (net 84 "Net-(U14-Pad4)")
  (net 85 "Net-(AE1-Pad1)")
  (net 86 "Net-(C8-Pad1)")
  (net 87 "Net-(C9-Pad1)")
  (net 88 "Net-(J6-Pad1)")
  (net 89 "Net-(J7-Pad2)")
  (net 90 "Net-(L8-Pad1)")
  (net 91 "Net-(R2-Pad2)")
  (net 92 "Net-(U2-Pad7)")
  (net 93 "Net-(U2-Pad8)")
  (net 94 "Net-(U3-Pad19)")
  (net 95 "Net-(U3-Pad20)")
  (net 96 "Net-(U4-Pad13)")
  (net 97 "Net-(U11-Pad30)")
  (net 98 VBUS)
  (net 99 "Net-(J2-Pad2)")
  (net 100 "Net-(J2-Pad3)")
  (net 101 "Net-(J3-Pad1)")
  (net 102 /MCU/ARMED)

  (net_class Default "This is the default net class."
    (clearance 0.2)
    (trace_width 0.25)
    (via_dia 0.8)
    (via_drill 0.4)
    (uvia_dia 0.3)
    (uvia_drill 0.1)
    (add_net +3V3)
    (add_net /MCU/ARMED)
    (add_net /MCU/LED_BLUE)
    (add_net /MCU/LED_RED)
    (add_net /MCU/MCU_MISO1)
    (add_net /MCU/MCU_MISO4)
    (add_net /MCU/MCU_MOSI1)
    (add_net /MCU/MCU_MOSI4)
    (add_net /MCU/MCU_NSEL1)
    (add_net /MCU/MCU_NSEL4)
    (add_net /MCU/MCU_PA02)
    (add_net /MCU/MCU_PA09)
    (add_net /MCU/MCU_PA20)
    (add_net /MCU/MCU_PA21)
    (add_net /MCU/MCU_PA27)
    (add_net /MCU/MCU_PB04)
    (add_net /MCU/MCU_PB05)
    (add_net /MCU/MCU_PB06)
    (add_net /MCU/MCU_PB07)
    (add_net /MCU/MCU_PB12)
    (add_net /MCU/MCU_SCLK1)
    (add_net /MCU/MCU_SCLK4)
    (add_net /MCU/SWCLK)
    (add_net /MCU/SWDIO)
    (add_net /MCU/USB_DM)
    (add_net /MCU/XIN)
    (add_net /MCU/XOUT)
    (add_net /gps/GPS_1PPS)
    (add_net /gps/GPS_NRES)
    (add_net /gps/GPS_NSAFEBOOT)
    (add_net /gps/GPS_RXD)
    (add_net /gps/GPS_SCL)
    (add_net /gps/GPS_SDA)
    (add_net /gps/GPS_TXD)
    (add_net /power_supply/USB_DM)
    (add_net /pyro_driver/FET_A)
    (add_net /pyro_driver/FET_B)
    (add_net /pyro_driver/FET_C)
    (add_net /pyro_driver/FET_D)
    (add_net /pyro_driver/FIRE_A)
    (add_net /pyro_driver/FIRE_B)
    (add_net /pyro_driver/FIRE_C)
    (add_net /pyro_driver/FIRE_D)
    (add_net /sensors/ACCL_RDY)
    (add_net /sensors/GYRO_RDY)
    (add_net /sensors/MAG_RDY)
    (add_net GND)
    (add_net "Net-(AE1-Pad1)")
    (add_net "Net-(C2-Pad1)")
    (add_net "Net-(C20-Pad1)")
    (add_net "Net-(C20-Pad2)")
    (add_net "Net-(C30-Pad1)")
    (add_net "Net-(C34-Pad1)")
    (add_net "Net-(C35-Pad1)")
    (add_net "Net-(C8-Pad1)")
    (add_net "Net-(C89-Pad1)")
    (add_net "Net-(C9-Pad1)")
    (add_net "Net-(C9-Pad2)")
    (add_net "Net-(C90-Pad1)")
    (add_net "Net-(D1-Pad2)")
    (add_net "Net-(D2-Pad2)")
    (add_net "Net-(J2-Pad2)")
    (add_net "Net-(J2-Pad3)")
    (add_net "Net-(J2-Pad4)")
    (add_net "Net-(J3-Pad1)")
    (add_net "Net-(J6-Pad1)")
    (add_net "Net-(J7-Pad2)")
    (add_net "Net-(L8-Pad1)")
    (add_net "Net-(R2-Pad2)")
    (add_net "Net-(U1-Pad11)")
    (add_net "Net-(U1-Pad12)")
    (add_net "Net-(U1-Pad2)")
    (add_net "Net-(U10-Pad1)")
    (add_net "Net-(U10-Pad13)")
    (add_net "Net-(U10-Pad5)")
    (add_net "Net-(U11-Pad1)")
    (add_net "Net-(U11-Pad13)")
    (add_net "Net-(U11-Pad17)")
    (add_net "Net-(U11-Pad2)")
    (add_net "Net-(U11-Pad30)")
    (add_net "Net-(U11-Pad4)")
    (add_net "Net-(U11-Pad55)")
    (add_net "Net-(U11-Pad59)")
    (add_net "Net-(U11-Pad60)")
    (add_net "Net-(U11-Pad61)")
    (add_net "Net-(U11-Pad62)")
    (add_net "Net-(U14-Pad4)")
    (add_net "Net-(U2-Pad7)")
    (add_net "Net-(U2-Pad8)")
    (add_net "Net-(U3-Pad16)")
    (add_net "Net-(U3-Pad19)")
    (add_net "Net-(U3-Pad20)")
    (add_net "Net-(U3-Pad5)")
    (add_net "Net-(U3-Pad7)")
    (add_net "Net-(U4-Pad13)")
    (add_net "Net-(U4-Pad15)")
    (add_net "Net-(U4-Pad5)")
    (add_net "Net-(U4-Pad6)")
    (add_net "Net-(U8-Pad6)")
    (add_net "Net-(X1-Pad1)")
    (add_net VBUS)
    (add_net Vdrive)
  )

  (module BMI088:PQFN50P450X300X100-16N (layer F.Cu) (tedit 0) (tstamp 5D7189B7)
    (at 256.921 317.5 90)
    (path /5D5B1586/5D6DBE05)
    (attr smd)
    (fp_text reference U10 (at -0.457 -3.502 90) (layer F.SilkS)
      (effects (font (size 1 1) (thickness 0.05)))
    )
    (fp_text value BMI088 (at 0.178 3.265 90) (layer F.SilkS)
      (effects (font (size 1 1) (thickness 0.05)))
    )
    (fp_line (start 2.28 -1.53) (end 2.28 1.53) (layer Eco2.User) (width 0.127))
    (fp_line (start 2.28 1.53) (end -2.28 1.53) (layer Eco2.User) (width 0.127))
    (fp_line (start -2.28 1.53) (end -2.28 -1.53) (layer Eco2.User) (width 0.127))
    (fp_line (start -2.28 -1.53) (end 2.28 -1.53) (layer Eco2.User) (width 0.127))
    (fp_line (start 2.28 -0.5) (end 2.28 -1.53) (layer F.SilkS) (width 0.127))
    (fp_line (start 2.28 -1.53) (end 2 -1.53) (layer F.SilkS) (width 0.127))
    (fp_line (start 2.28 0.5) (end 2.28 1.53) (layer F.SilkS) (width 0.127))
    (fp_line (start 2.28 1.53) (end 2 1.53) (layer F.SilkS) (width 0.127))
    (fp_line (start -2 1.53) (end -2.28 1.53) (layer F.SilkS) (width 0.127))
    (fp_line (start -2.28 1.53) (end -2.28 0.5) (layer F.SilkS) (width 0.127))
    (fp_line (start -2.28 -0.5) (end -2.28 -1.53) (layer F.SilkS) (width 0.127))
    (fp_line (start -2.28 -1.53) (end -2 -1.53) (layer F.SilkS) (width 0.127))
    (fp_line (start 2.53 -1.78) (end 2.53 1.78) (layer Eco1.User) (width 0.05))
    (fp_line (start 2.53 1.78) (end -2.53 1.78) (layer Eco1.User) (width 0.05))
    (fp_line (start -2.53 1.78) (end -2.53 -1.78) (layer Eco1.User) (width 0.05))
    (fp_line (start -2.53 -1.78) (end 2.53 -1.78) (layer Eco1.User) (width 0.05))
    (fp_circle (center -1.629 -2.1) (end -1.529 -2.1) (layer F.SilkS) (width 0.2))
    (fp_circle (center -1.629 -2.1) (end -1.529 -2.1) (layer Eco2.User) (width 0.2))
    (pad 7 smd rect (at 1.5 -1.16) (size 0.58 0.35) (layers F.Cu F.Paste F.Mask)
      (net 2 +3V3))
    (pad 6 smd rect (at 1 -1.16) (size 0.58 0.35) (layers F.Cu F.Paste F.Mask)
      (net 1 GND))
    (pad 5 smd rect (at 0.5 -1.16) (size 0.58 0.35) (layers F.Cu F.Paste F.Mask)
      (net 64 "Net-(U10-Pad5)"))
    (pad 4 smd rect (at 0 -1.16) (size 0.58 0.35) (layers F.Cu F.Paste F.Mask)
      (net 1 GND))
    (pad 3 smd rect (at -0.5 -1.16) (size 0.58 0.35) (layers F.Cu F.Paste F.Mask)
      (net 2 +3V3))
    (pad 2 smd rect (at -1 -1.16) (size 0.58 0.35) (layers F.Cu F.Paste F.Mask))
    (pad 1 smd rect (at -1.5 -1.16) (size 0.58 0.35) (layers F.Cu F.Paste F.Mask)
      (net 65 "Net-(U10-Pad1)"))
    (pad 16 smd rect (at -1.91 0 90) (size 0.58 0.35) (layers F.Cu F.Paste F.Mask)
      (net 36 /sensors/ACCL_RDY))
    (pad 15 smd rect (at -1.5 1.16 180) (size 0.58 0.35) (layers F.Cu F.Paste F.Mask)
      (net 1 GND))
    (pad 14 smd rect (at -1 1.16 180) (size 0.58 0.35) (layers F.Cu F.Paste F.Mask)
      (net 2 +3V3))
    (pad 13 smd rect (at -0.5 1.16 180) (size 0.58 0.35) (layers F.Cu F.Paste F.Mask)
      (net 66 "Net-(U10-Pad13)"))
    (pad 12 smd rect (at 0 1.16 180) (size 0.58 0.35) (layers F.Cu F.Paste F.Mask)
      (net 37 /sensors/GYRO_RDY))
    (pad 11 smd rect (at 0.5 1.16 180) (size 0.58 0.35) (layers F.Cu F.Paste F.Mask)
      (net 2 +3V3))
    (pad 10 smd rect (at 1 1.16 180) (size 0.58 0.35) (layers F.Cu F.Paste F.Mask)
      (net 1 GND))
    (pad 9 smd rect (at 1.5 1.16 180) (size 0.58 0.35) (layers F.Cu F.Paste F.Mask)
      (net 29 /gps/GPS_SDA))
    (pad 8 smd rect (at 1.91 0 270) (size 0.58 0.35) (layers F.Cu F.Paste F.Mask)
      (net 30 /gps/GPS_SCL))
  )

  (module MountingHole:MountingHole_3.2mm_M3_Pad (layer F.Cu) (tedit 56D1B4CB) (tstamp 5D7185A6)
    (at 255.27 325.12 270)
    (descr "Mounting Hole 3.2mm, M3")
    (tags "mounting hole 3.2mm m3")
    (path /5D5B15F7/5D7F817E)
    (attr virtual)
    (fp_text reference H3 (at 0 -4.2 90) (layer F.SilkS)
      (effects (font (size 1 1) (thickness 0.15)))
    )
    (fp_text value MountingHole_Pad (at 0 4.2 90) (layer F.Fab)
      (effects (font (size 1 1) (thickness 0.15)))
    )
    (fp_text user %R (at 0.3 0 90) (layer F.Fab)
      (effects (font (size 1 1) (thickness 0.15)))
    )
    (fp_circle (center 0 0) (end 3.2 0) (layer Cmts.User) (width 0.15))
    (fp_circle (center 0 0) (end 3.45 0) (layer F.CrtYd) (width 0.05))
    (pad 1 thru_hole circle (at 0 0 270) (size 6.4 6.4) (drill 3.2) (layers *.Cu *.Mask)
      (net 1 GND))
  )

  (module RF_GPS:ublox_MAX (layer F.Cu) (tedit 5C292BD2) (tstamp 5D7BB43D)
    (at 267.97 314.325 270)
    (descr "ublox MAX 6/7/8, (https://www.u-blox.com/sites/default/files/MAX-8-M8-FW3_HardwareIntegrationManual_%28UBX-15030059%29.pdf)")
    (tags "GPS ublox MAX 6/7/8")
    (path /5D5B165E/5D610F77)
    (attr smd)
    (fp_text reference U4 (at 0 -6 90) (layer F.SilkS)
      (effects (font (size 1 1) (thickness 0.15)))
    )
    (fp_text value MAX-M8C (at 0 1.5 90) (layer F.Fab)
      (effects (font (size 1 1) (thickness 0.15)))
    )
    (fp_text user %R (at 0 0 90) (layer F.Fab)
      (effects (font (size 1 1) (thickness 0.15)))
    )
    (fp_line (start -4.85 -5.05) (end -4.85 5.05) (layer F.Fab) (width 0.1))
    (fp_line (start 4.85 -5.05) (end 4.85 5.05) (layer F.Fab) (width 0.1))
    (fp_line (start -4.85 -5.05) (end 4.85 -5.05) (layer F.Fab) (width 0.1))
    (fp_line (start -4.85 5.05) (end 4.85 5.05) (layer F.Fab) (width 0.1))
    (fp_line (start -4.85 -5.16) (end 4.96 -5.16) (layer F.SilkS) (width 0.12))
    (fp_line (start -4.96 5.16) (end 4.96 5.16) (layer F.SilkS) (width 0.12))
    (fp_line (start 4.96 4.82) (end 4.96 5.16) (layer F.SilkS) (width 0.12))
    (fp_line (start -4.96 4.82) (end -4.96 5.16) (layer F.SilkS) (width 0.12))
    (fp_line (start 4.96 -5.16) (end 4.96 -4.82) (layer F.SilkS) (width 0.12))
    (fp_line (start -5.9 -5.3) (end -5.9 5.3) (layer F.CrtYd) (width 0.05))
    (fp_line (start -5.9 5.3) (end 5.9 5.3) (layer F.CrtYd) (width 0.05))
    (fp_line (start 5.9 -5.3) (end 5.9 5.3) (layer F.CrtYd) (width 0.05))
    (fp_line (start -5.9 -5.3) (end 5.9 -5.3) (layer F.CrtYd) (width 0.05))
    (fp_line (start -3.85 -4.4) (end -4.85 -4.05) (layer F.Fab) (width 0.1))
    (fp_line (start -4.85 -4.75) (end -3.85 -4.4) (layer F.Fab) (width 0.1))
    (pad 1 smd rect (at -4.75 -4.4 270) (size 1.8 0.7) (layers F.Cu F.Paste F.Mask)
      (net 1 GND))
    (pad 2 smd rect (at -4.75 -3.3 270) (size 1.8 0.8) (layers F.Cu F.Paste F.Mask)
      (net 25 /gps/GPS_TXD))
    (pad 3 smd rect (at -4.75 -2.2 270) (size 1.8 0.8) (layers F.Cu F.Paste F.Mask)
      (net 26 /gps/GPS_RXD))
    (pad 4 smd rect (at -4.75 -1.1 270) (size 1.8 0.8) (layers F.Cu F.Paste F.Mask)
      (net 27 /gps/GPS_1PPS))
    (pad 5 smd rect (at -4.75 0 270) (size 1.8 0.8) (layers F.Cu F.Paste F.Mask)
      (net 60 "Net-(U4-Pad5)"))
    (pad 6 smd rect (at -4.75 1.1 270) (size 1.8 0.8) (layers F.Cu F.Paste F.Mask)
      (net 61 "Net-(U4-Pad6)"))
    (pad 7 smd rect (at -4.75 2.2 270) (size 1.8 0.8) (layers F.Cu F.Paste F.Mask)
      (net 2 +3V3))
    (pad 8 smd rect (at -4.75 3.3 270) (size 1.8 0.8) (layers F.Cu F.Paste F.Mask)
      (net 2 +3V3))
    (pad 9 smd rect (at -4.75 4.4 270) (size 1.8 0.7) (layers F.Cu F.Paste F.Mask)
      (net 28 /gps/GPS_NRES))
    (pad 10 smd rect (at 4.75 4.4 270) (size 1.8 0.7) (layers F.Cu F.Paste F.Mask)
      (net 1 GND))
    (pad 11 smd rect (at 4.75 3.3 270) (size 1.8 0.8) (layers F.Cu F.Paste F.Mask)
      (net 88 "Net-(J6-Pad1)"))
    (pad 12 smd rect (at 4.75 2.2 270) (size 1.8 0.8) (layers F.Cu F.Paste F.Mask)
      (net 1 GND))
    (pad 13 smd rect (at 4.75 1.1 270) (size 1.8 0.8) (layers F.Cu F.Paste F.Mask)
      (net 96 "Net-(U4-Pad13)"))
    (pad 14 smd rect (at 4.75 0 270) (size 1.8 0.8) (layers F.Cu F.Paste F.Mask)
      (net 91 "Net-(R2-Pad2)"))
    (pad 15 smd rect (at 4.75 -1.1 270) (size 1.8 0.8) (layers F.Cu F.Paste F.Mask)
      (net 62 "Net-(U4-Pad15)"))
    (pad 16 smd rect (at 4.75 -2.2 270) (size 1.8 0.8) (layers F.Cu F.Paste F.Mask)
      (net 29 /gps/GPS_SDA))
    (pad 17 smd rect (at 4.75 -3.3 270) (size 1.8 0.8) (layers F.Cu F.Paste F.Mask)
      (net 30 /gps/GPS_SCL))
    (pad 18 smd rect (at 4.75 -4.4 270) (size 1.8 0.7) (layers F.Cu F.Paste F.Mask)
      (net 31 /gps/GPS_NSAFEBOOT))
    (model ${KISYS3DMOD}/RF_GPS.3dshapes/ublox_MAX.wrl
      (at (xyz 0 0 0))
      (scale (xyz 1 1 1))
      (rotate (xyz 0 0 0))
    )
  )

  (module Crystal:Crystal_SMD_2520-4Pin_2.5x2.0mm (layer F.Cu) (tedit 5A0FD1B2) (tstamp 5D718AA5)
    (at 262.128 284.353 270)
    (descr "SMD Crystal SERIES SMD2520/4 http://www.newxtal.com/UploadFiles/Images/2012-11-12-09-29-09-776.pdf, 2.5x2.0mm^2 package")
    (tags "SMD SMT crystal")
    (path /5D5B15F7/5D6EF892)
    (attr smd)
    (fp_text reference Y3 (at 0 -2.2 90) (layer F.SilkS)
      (effects (font (size 1 1) (thickness 0.15)))
    )
    (fp_text value 16MHz (at 0 2.2 90) (layer F.Fab)
      (effects (font (size 1 1) (thickness 0.15)))
    )
    (fp_text user %R (at 0 0 90) (layer F.Fab)
      (effects (font (size 0.6 0.6) (thickness 0.09)))
    )
    (fp_line (start -1.15 -1) (end 1.15 -1) (layer F.Fab) (width 0.1))
    (fp_line (start 1.15 -1) (end 1.25 -0.9) (layer F.Fab) (width 0.1))
    (fp_line (start 1.25 -0.9) (end 1.25 0.9) (layer F.Fab) (width 0.1))
    (fp_line (start 1.25 0.9) (end 1.15 1) (layer F.Fab) (width 0.1))
    (fp_line (start 1.15 1) (end -1.15 1) (layer F.Fab) (width 0.1))
    (fp_line (start -1.15 1) (end -1.25 0.9) (layer F.Fab) (width 0.1))
    (fp_line (start -1.25 0.9) (end -1.25 -0.9) (layer F.Fab) (width 0.1))
    (fp_line (start -1.25 -0.9) (end -1.15 -1) (layer F.Fab) (width 0.1))
    (fp_line (start -1.25 0) (end -0.25 1) (layer F.Fab) (width 0.1))
    (fp_line (start -1.65 -1.4) (end -1.65 1.4) (layer F.SilkS) (width 0.12))
    (fp_line (start -1.65 1.4) (end 1.65 1.4) (layer F.SilkS) (width 0.12))
    (fp_line (start -1.7 -1.5) (end -1.7 1.5) (layer F.CrtYd) (width 0.05))
    (fp_line (start -1.7 1.5) (end 1.7 1.5) (layer F.CrtYd) (width 0.05))
    (fp_line (start 1.7 1.5) (end 1.7 -1.5) (layer F.CrtYd) (width 0.05))
    (fp_line (start 1.7 -1.5) (end -1.7 -1.5) (layer F.CrtYd) (width 0.05))
    (pad 1 smd rect (at -0.875 0.7 270) (size 1.15 1) (layers F.Cu F.Paste F.Mask)
      (net 6 /MCU/XIN))
    (pad 2 smd rect (at 0.875 0.7 270) (size 1.15 1) (layers F.Cu F.Paste F.Mask)
      (net 1 GND))
    (pad 3 smd rect (at 0.875 -0.7 270) (size 1.15 1) (layers F.Cu F.Paste F.Mask)
      (net 7 /MCU/XOUT))
    (pad 4 smd rect (at -0.875 -0.7 270) (size 1.15 1) (layers F.Cu F.Paste F.Mask)
      (net 1 GND))
    (model ${KISYS3DMOD}/Crystal.3dshapes/Crystal_SMD_2520-4Pin_2.5x2.0mm.wrl
      (at (xyz 0 0 0))
      (scale (xyz 1 1 1))
      (rotate (xyz 0 0 0))
    )
  )

  (module Buzzer_Beeper:Buzzer_12x9.5RM7.6 (layer B.Cu) (tedit 5A030281) (tstamp 5D718284)
    (at 268.097 304.927 270)
    (descr "Generic Buzzer, D12mm height 9.5mm with RM7.6mm")
    (tags buzzer)
    (path /5D5B15F7/5D650F14)
    (fp_text reference BZ1 (at 1.27 3.81 270) (layer B.SilkS)
      (effects (font (size 1 1) (thickness 0.15)) (justify mirror))
    )
    (fp_text value Buzzer (at 3.8 -7.4 270) (layer B.Fab)
      (effects (font (size 1 1) (thickness 0.15)) (justify mirror))
    )
    (fp_text user + (at -0.01 2.54 270) (layer B.Fab)
      (effects (font (size 1 1) (thickness 0.15)) (justify mirror))
    )
    (fp_text user + (at -0.01 2.54 270) (layer B.SilkS)
      (effects (font (size 1 1) (thickness 0.15)) (justify mirror))
    )
    (fp_text user %R (at 3.8 4 270) (layer B.Fab)
      (effects (font (size 1 1) (thickness 0.15)) (justify mirror))
    )
    (fp_circle (center 3.8 0) (end 10.05 0) (layer B.CrtYd) (width 0.05))
    (fp_circle (center 3.8 0) (end 9.8 0) (layer B.Fab) (width 0.1))
    (fp_circle (center 3.8 0) (end 4.8 0) (layer B.Fab) (width 0.1))
    (fp_circle (center 3.8 0) (end 9.9 0) (layer B.SilkS) (width 0.12))
    (pad 1 thru_hole rect (at 0 0 270) (size 2 2) (drill 1) (layers *.Cu *.Mask)
      (net 38 /MCU/MCU_PB12))
    (pad 2 thru_hole circle (at 7.6 0 270) (size 2 2) (drill 1) (layers *.Cu *.Mask)
      (net 1 GND))
    (model ${KISYS3DMOD}/Buzzer_Beeper.3dshapes/Buzzer_12x9.5RM7.6.wrl
      (at (xyz 0 0 0))
      (scale (xyz 1 1 1))
      (rotate (xyz 0 0 0))
    )
  )

  (module Capacitor_SMD:C_0603_1608Metric (layer F.Cu) (tedit 5B301BBE) (tstamp 5D718295)
    (at 271.018 280.924 90)
    (descr "Capacitor SMD 0603 (1608 Metric), square (rectangular) end terminal, IPC_7351 nominal, (Body size source: http://www.tortai-tech.com/upload/download/2011102023233369053.pdf), generated with kicad-footprint-generator")
    (tags capacitor)
    (path /5D5B15F7/5D29D963)
    (attr smd)
    (fp_text reference C1 (at 0 -1.43 90) (layer F.SilkS)
      (effects (font (size 1 1) (thickness 0.15)))
    )
    (fp_text value 10uF (at 0 1.43 90) (layer F.Fab)
      (effects (font (size 1 1) (thickness 0.15)))
    )
    (fp_text user %R (at 0 0 90) (layer F.Fab)
      (effects (font (size 0.4 0.4) (thickness 0.06)))
    )
    (fp_line (start 1.48 0.73) (end -1.48 0.73) (layer F.CrtYd) (width 0.05))
    (fp_line (start 1.48 -0.73) (end 1.48 0.73) (layer F.CrtYd) (width 0.05))
    (fp_line (start -1.48 -0.73) (end 1.48 -0.73) (layer F.CrtYd) (width 0.05))
    (fp_line (start -1.48 0.73) (end -1.48 -0.73) (layer F.CrtYd) (width 0.05))
    (fp_line (start -0.162779 0.51) (end 0.162779 0.51) (layer F.SilkS) (width 0.12))
    (fp_line (start -0.162779 -0.51) (end 0.162779 -0.51) (layer F.SilkS) (width 0.12))
    (fp_line (start 0.8 0.4) (end -0.8 0.4) (layer F.Fab) (width 0.1))
    (fp_line (start 0.8 -0.4) (end 0.8 0.4) (layer F.Fab) (width 0.1))
    (fp_line (start -0.8 -0.4) (end 0.8 -0.4) (layer F.Fab) (width 0.1))
    (fp_line (start -0.8 0.4) (end -0.8 -0.4) (layer F.Fab) (width 0.1))
    (pad 2 smd roundrect (at 0.7875 0 90) (size 0.875 0.95) (layers F.Cu F.Paste F.Mask) (roundrect_rratio 0.25)
      (net 1 GND))
    (pad 1 smd roundrect (at -0.7875 0 90) (size 0.875 0.95) (layers F.Cu F.Paste F.Mask) (roundrect_rratio 0.25)
      (net 2 +3V3))
    (model ${KISYS3DMOD}/Capacitor_SMD.3dshapes/C_0603_1608Metric.wrl
      (at (xyz 0 0 0))
      (scale (xyz 1 1 1))
      (rotate (xyz 0 0 0))
    )
  )

  (module Capacitor_SMD:C_0603_1608Metric (layer F.Cu) (tedit 5B301BBE) (tstamp 5D7182A6)
    (at 278.892 292.227 270)
    (descr "Capacitor SMD 0603 (1608 Metric), square (rectangular) end terminal, IPC_7351 nominal, (Body size source: http://www.tortai-tech.com/upload/download/2011102023233369053.pdf), generated with kicad-footprint-generator")
    (tags capacitor)
    (path /5D5B15F7/5D28EA5A)
    (attr smd)
    (fp_text reference C2 (at 0 -1.43 90) (layer F.SilkS)
      (effects (font (size 1 1) (thickness 0.15)))
    )
    (fp_text value 10uF (at 0 1.43 90) (layer F.Fab)
      (effects (font (size 1 1) (thickness 0.15)))
    )
    (fp_line (start -0.8 0.4) (end -0.8 -0.4) (layer F.Fab) (width 0.1))
    (fp_line (start -0.8 -0.4) (end 0.8 -0.4) (layer F.Fab) (width 0.1))
    (fp_line (start 0.8 -0.4) (end 0.8 0.4) (layer F.Fab) (width 0.1))
    (fp_line (start 0.8 0.4) (end -0.8 0.4) (layer F.Fab) (width 0.1))
    (fp_line (start -0.162779 -0.51) (end 0.162779 -0.51) (layer F.SilkS) (width 0.12))
    (fp_line (start -0.162779 0.51) (end 0.162779 0.51) (layer F.SilkS) (width 0.12))
    (fp_line (start -1.48 0.73) (end -1.48 -0.73) (layer F.CrtYd) (width 0.05))
    (fp_line (start -1.48 -0.73) (end 1.48 -0.73) (layer F.CrtYd) (width 0.05))
    (fp_line (start 1.48 -0.73) (end 1.48 0.73) (layer F.CrtYd) (width 0.05))
    (fp_line (start 1.48 0.73) (end -1.48 0.73) (layer F.CrtYd) (width 0.05))
    (fp_text user %R (at 0 0 90) (layer F.Fab)
      (effects (font (size 0.4 0.4) (thickness 0.06)))
    )
    (pad 1 smd roundrect (at -0.7875 0 270) (size 0.875 0.95) (layers F.Cu F.Paste F.Mask) (roundrect_rratio 0.25)
      (net 3 "Net-(C2-Pad1)"))
    (pad 2 smd roundrect (at 0.7875 0 270) (size 0.875 0.95) (layers F.Cu F.Paste F.Mask) (roundrect_rratio 0.25)
      (net 1 GND))
    (model ${KISYS3DMOD}/Capacitor_SMD.3dshapes/C_0603_1608Metric.wrl
      (at (xyz 0 0 0))
      (scale (xyz 1 1 1))
      (rotate (xyz 0 0 0))
    )
  )

  (module Capacitor_SMD:C_0603_1608Metric (layer F.Cu) (tedit 5B301BBE) (tstamp 5D7C6208)
    (at 272.542 280.924 90)
    (descr "Capacitor SMD 0603 (1608 Metric), square (rectangular) end terminal, IPC_7351 nominal, (Body size source: http://www.tortai-tech.com/upload/download/2011102023233369053.pdf), generated with kicad-footprint-generator")
    (tags capacitor)
    (path /5D5B15F7/5D292B82)
    (attr smd)
    (fp_text reference C3 (at 0 -1.43 90) (layer F.SilkS)
      (effects (font (size 1 1) (thickness 0.15)))
    )
    (fp_text value 100nF (at 0 1.43 90) (layer F.Fab)
      (effects (font (size 1 1) (thickness 0.15)))
    )
    (fp_line (start -0.8 0.4) (end -0.8 -0.4) (layer F.Fab) (width 0.1))
    (fp_line (start -0.8 -0.4) (end 0.8 -0.4) (layer F.Fab) (width 0.1))
    (fp_line (start 0.8 -0.4) (end 0.8 0.4) (layer F.Fab) (width 0.1))
    (fp_line (start 0.8 0.4) (end -0.8 0.4) (layer F.Fab) (width 0.1))
    (fp_line (start -0.162779 -0.51) (end 0.162779 -0.51) (layer F.SilkS) (width 0.12))
    (fp_line (start -0.162779 0.51) (end 0.162779 0.51) (layer F.SilkS) (width 0.12))
    (fp_line (start -1.48 0.73) (end -1.48 -0.73) (layer F.CrtYd) (width 0.05))
    (fp_line (start -1.48 -0.73) (end 1.48 -0.73) (layer F.CrtYd) (width 0.05))
    (fp_line (start 1.48 -0.73) (end 1.48 0.73) (layer F.CrtYd) (width 0.05))
    (fp_line (start 1.48 0.73) (end -1.48 0.73) (layer F.CrtYd) (width 0.05))
    (fp_text user %R (at 0 0 90) (layer F.Fab)
      (effects (font (size 0.4 0.4) (thickness 0.06)))
    )
    (pad 1 smd roundrect (at -0.7875 0 90) (size 0.875 0.95) (layers F.Cu F.Paste F.Mask) (roundrect_rratio 0.25)
      (net 2 +3V3))
    (pad 2 smd roundrect (at 0.7875 0 90) (size 0.875 0.95) (layers F.Cu F.Paste F.Mask) (roundrect_rratio 0.25)
      (net 1 GND))
    (model ${KISYS3DMOD}/Capacitor_SMD.3dshapes/C_0603_1608Metric.wrl
      (at (xyz 0 0 0))
      (scale (xyz 1 1 1))
      (rotate (xyz 0 0 0))
    )
  )

  (module Capacitor_SMD:C_0603_1608Metric (layer F.Cu) (tedit 5B301BBE) (tstamp 5D7182C8)
    (at 277.368 292.227 270)
    (descr "Capacitor SMD 0603 (1608 Metric), square (rectangular) end terminal, IPC_7351 nominal, (Body size source: http://www.tortai-tech.com/upload/download/2011102023233369053.pdf), generated with kicad-footprint-generator")
    (tags capacitor)
    (path /5D5B15F7/5D28DF10)
    (attr smd)
    (fp_text reference C4 (at 0 -1.43 90) (layer F.SilkS)
      (effects (font (size 1 1) (thickness 0.15)))
    )
    (fp_text value 100nF (at 0 1.43 90) (layer F.Fab)
      (effects (font (size 1 1) (thickness 0.15)))
    )
    (fp_text user %R (at 0 0 90) (layer F.Fab)
      (effects (font (size 0.4 0.4) (thickness 0.06)))
    )
    (fp_line (start 1.48 0.73) (end -1.48 0.73) (layer F.CrtYd) (width 0.05))
    (fp_line (start 1.48 -0.73) (end 1.48 0.73) (layer F.CrtYd) (width 0.05))
    (fp_line (start -1.48 -0.73) (end 1.48 -0.73) (layer F.CrtYd) (width 0.05))
    (fp_line (start -1.48 0.73) (end -1.48 -0.73) (layer F.CrtYd) (width 0.05))
    (fp_line (start -0.162779 0.51) (end 0.162779 0.51) (layer F.SilkS) (width 0.12))
    (fp_line (start -0.162779 -0.51) (end 0.162779 -0.51) (layer F.SilkS) (width 0.12))
    (fp_line (start 0.8 0.4) (end -0.8 0.4) (layer F.Fab) (width 0.1))
    (fp_line (start 0.8 -0.4) (end 0.8 0.4) (layer F.Fab) (width 0.1))
    (fp_line (start -0.8 -0.4) (end 0.8 -0.4) (layer F.Fab) (width 0.1))
    (fp_line (start -0.8 0.4) (end -0.8 -0.4) (layer F.Fab) (width 0.1))
    (pad 2 smd roundrect (at 0.7875 0 270) (size 0.875 0.95) (layers F.Cu F.Paste F.Mask) (roundrect_rratio 0.25)
      (net 1 GND))
    (pad 1 smd roundrect (at -0.7875 0 270) (size 0.875 0.95) (layers F.Cu F.Paste F.Mask) (roundrect_rratio 0.25)
      (net 3 "Net-(C2-Pad1)"))
    (model ${KISYS3DMOD}/Capacitor_SMD.3dshapes/C_0603_1608Metric.wrl
      (at (xyz 0 0 0))
      (scale (xyz 1 1 1))
      (rotate (xyz 0 0 0))
    )
  )

  (module Capacitor_SMD:C_0603_1608Metric (layer F.Cu) (tedit 5B301BBE) (tstamp 5D7C753E)
    (at 272.161 299.212 270)
    (descr "Capacitor SMD 0603 (1608 Metric), square (rectangular) end terminal, IPC_7351 nominal, (Body size source: http://www.tortai-tech.com/upload/download/2011102023233369053.pdf), generated with kicad-footprint-generator")
    (tags capacitor)
    (path /5D5B15F7/5D28F904)
    (attr smd)
    (fp_text reference C5 (at 0 -1.43 90) (layer F.SilkS)
      (effects (font (size 1 1) (thickness 0.15)))
    )
    (fp_text value 10uF (at 0 1.43 90) (layer F.Fab)
      (effects (font (size 1 1) (thickness 0.15)))
    )
    (fp_line (start -0.8 0.4) (end -0.8 -0.4) (layer F.Fab) (width 0.1))
    (fp_line (start -0.8 -0.4) (end 0.8 -0.4) (layer F.Fab) (width 0.1))
    (fp_line (start 0.8 -0.4) (end 0.8 0.4) (layer F.Fab) (width 0.1))
    (fp_line (start 0.8 0.4) (end -0.8 0.4) (layer F.Fab) (width 0.1))
    (fp_line (start -0.162779 -0.51) (end 0.162779 -0.51) (layer F.SilkS) (width 0.12))
    (fp_line (start -0.162779 0.51) (end 0.162779 0.51) (layer F.SilkS) (width 0.12))
    (fp_line (start -1.48 0.73) (end -1.48 -0.73) (layer F.CrtYd) (width 0.05))
    (fp_line (start -1.48 -0.73) (end 1.48 -0.73) (layer F.CrtYd) (width 0.05))
    (fp_line (start 1.48 -0.73) (end 1.48 0.73) (layer F.CrtYd) (width 0.05))
    (fp_line (start 1.48 0.73) (end -1.48 0.73) (layer F.CrtYd) (width 0.05))
    (fp_text user %R (at 0 0 90) (layer F.Fab)
      (effects (font (size 0.4 0.4) (thickness 0.06)))
    )
    (pad 1 smd roundrect (at -0.7875 0 270) (size 0.875 0.95) (layers F.Cu F.Paste F.Mask) (roundrect_rratio 0.25)
      (net 2 +3V3))
    (pad 2 smd roundrect (at 0.7875 0 270) (size 0.875 0.95) (layers F.Cu F.Paste F.Mask) (roundrect_rratio 0.25)
      (net 1 GND))
    (model ${KISYS3DMOD}/Capacitor_SMD.3dshapes/C_0603_1608Metric.wrl
      (at (xyz 0 0 0))
      (scale (xyz 1 1 1))
      (rotate (xyz 0 0 0))
    )
  )

  (module Capacitor_SMD:C_0603_1608Metric (layer F.Cu) (tedit 5B301BBE) (tstamp 5D7C750E)
    (at 270.637 299.212 270)
    (descr "Capacitor SMD 0603 (1608 Metric), square (rectangular) end terminal, IPC_7351 nominal, (Body size source: http://www.tortai-tech.com/upload/download/2011102023233369053.pdf), generated with kicad-footprint-generator")
    (tags capacitor)
    (path /5D5B15F7/5D29095F)
    (attr smd)
    (fp_text reference C6 (at 0 -1.43 90) (layer F.SilkS)
      (effects (font (size 1 1) (thickness 0.15)))
    )
    (fp_text value 100nF (at 0 1.43 90) (layer F.Fab)
      (effects (font (size 1 1) (thickness 0.15)))
    )
    (fp_text user %R (at 0 0 90) (layer F.Fab)
      (effects (font (size 0.4 0.4) (thickness 0.06)))
    )
    (fp_line (start 1.48 0.73) (end -1.48 0.73) (layer F.CrtYd) (width 0.05))
    (fp_line (start 1.48 -0.73) (end 1.48 0.73) (layer F.CrtYd) (width 0.05))
    (fp_line (start -1.48 -0.73) (end 1.48 -0.73) (layer F.CrtYd) (width 0.05))
    (fp_line (start -1.48 0.73) (end -1.48 -0.73) (layer F.CrtYd) (width 0.05))
    (fp_line (start -0.162779 0.51) (end 0.162779 0.51) (layer F.SilkS) (width 0.12))
    (fp_line (start -0.162779 -0.51) (end 0.162779 -0.51) (layer F.SilkS) (width 0.12))
    (fp_line (start 0.8 0.4) (end -0.8 0.4) (layer F.Fab) (width 0.1))
    (fp_line (start 0.8 -0.4) (end 0.8 0.4) (layer F.Fab) (width 0.1))
    (fp_line (start -0.8 -0.4) (end 0.8 -0.4) (layer F.Fab) (width 0.1))
    (fp_line (start -0.8 0.4) (end -0.8 -0.4) (layer F.Fab) (width 0.1))
    (pad 2 smd roundrect (at 0.7875 0 270) (size 0.875 0.95) (layers F.Cu F.Paste F.Mask) (roundrect_rratio 0.25)
      (net 1 GND))
    (pad 1 smd roundrect (at -0.7875 0 270) (size 0.875 0.95) (layers F.Cu F.Paste F.Mask) (roundrect_rratio 0.25)
      (net 2 +3V3))
    (model ${KISYS3DMOD}/Capacitor_SMD.3dshapes/C_0603_1608Metric.wrl
      (at (xyz 0 0 0))
      (scale (xyz 1 1 1))
      (rotate (xyz 0 0 0))
    )
  )

  (module Capacitor_SMD:C_0603_1608Metric (layer F.Cu) (tedit 5B301BBE) (tstamp 5D7D0BB1)
    (at 277.495 278.1555 90)
    (descr "Capacitor SMD 0603 (1608 Metric), square (rectangular) end terminal, IPC_7351 nominal, (Body size source: http://www.tortai-tech.com/upload/download/2011102023233369053.pdf), generated with kicad-footprint-generator")
    (tags capacitor)
    (path /5D5B15F7/5D2C83ED)
    (attr smd)
    (fp_text reference C7 (at 0 -1.43 90) (layer F.SilkS)
      (effects (font (size 1 1) (thickness 0.15)))
    )
    (fp_text value 100nF (at 0 1.43 90) (layer F.Fab)
      (effects (font (size 1 1) (thickness 0.15)))
    )
    (fp_line (start -0.8 0.4) (end -0.8 -0.4) (layer F.Fab) (width 0.1))
    (fp_line (start -0.8 -0.4) (end 0.8 -0.4) (layer F.Fab) (width 0.1))
    (fp_line (start 0.8 -0.4) (end 0.8 0.4) (layer F.Fab) (width 0.1))
    (fp_line (start 0.8 0.4) (end -0.8 0.4) (layer F.Fab) (width 0.1))
    (fp_line (start -0.162779 -0.51) (end 0.162779 -0.51) (layer F.SilkS) (width 0.12))
    (fp_line (start -0.162779 0.51) (end 0.162779 0.51) (layer F.SilkS) (width 0.12))
    (fp_line (start -1.48 0.73) (end -1.48 -0.73) (layer F.CrtYd) (width 0.05))
    (fp_line (start -1.48 -0.73) (end 1.48 -0.73) (layer F.CrtYd) (width 0.05))
    (fp_line (start 1.48 -0.73) (end 1.48 0.73) (layer F.CrtYd) (width 0.05))
    (fp_line (start 1.48 0.73) (end -1.48 0.73) (layer F.CrtYd) (width 0.05))
    (fp_text user %R (at 0 0 90) (layer F.Fab)
      (effects (font (size 0.4 0.4) (thickness 0.06)))
    )
    (pad 1 smd roundrect (at -0.7875 0 90) (size 0.875 0.95) (layers F.Cu F.Paste F.Mask) (roundrect_rratio 0.25)
      (net 2 +3V3))
    (pad 2 smd roundrect (at 0.7875 0 90) (size 0.875 0.95) (layers F.Cu F.Paste F.Mask) (roundrect_rratio 0.25)
      (net 1 GND))
    (model ${KISYS3DMOD}/Capacitor_SMD.3dshapes/C_0603_1608Metric.wrl
      (at (xyz 0 0 0))
      (scale (xyz 1 1 1))
      (rotate (xyz 0 0 0))
    )
  )

  (module Capacitor_SMD:C_0603_1608Metric (layer F.Cu) (tedit 5B301BBE) (tstamp 5D7183B5)
    (at 263.144 253.7205 90)
    (descr "Capacitor SMD 0603 (1608 Metric), square (rectangular) end terminal, IPC_7351 nominal, (Body size source: http://www.tortai-tech.com/upload/download/2011102023233369053.pdf), generated with kicad-footprint-generator")
    (tags capacitor)
    (path /5D5B17D8/5D6CDD9C)
    (attr smd)
    (fp_text reference C19 (at 0 -1.43 90) (layer F.SilkS)
      (effects (font (size 1 1) (thickness 0.15)))
    )
    (fp_text value 270pf (at 0 1.43 90) (layer F.Fab)
      (effects (font (size 1 1) (thickness 0.15)))
    )
    (fp_text user %R (at 0 0 90) (layer F.Fab)
      (effects (font (size 0.4 0.4) (thickness 0.06)))
    )
    (fp_line (start 1.48 0.73) (end -1.48 0.73) (layer F.CrtYd) (width 0.05))
    (fp_line (start 1.48 -0.73) (end 1.48 0.73) (layer F.CrtYd) (width 0.05))
    (fp_line (start -1.48 -0.73) (end 1.48 -0.73) (layer F.CrtYd) (width 0.05))
    (fp_line (start -1.48 0.73) (end -1.48 -0.73) (layer F.CrtYd) (width 0.05))
    (fp_line (start -0.162779 0.51) (end 0.162779 0.51) (layer F.SilkS) (width 0.12))
    (fp_line (start -0.162779 -0.51) (end 0.162779 -0.51) (layer F.SilkS) (width 0.12))
    (fp_line (start 0.8 0.4) (end -0.8 0.4) (layer F.Fab) (width 0.1))
    (fp_line (start 0.8 -0.4) (end 0.8 0.4) (layer F.Fab) (width 0.1))
    (fp_line (start -0.8 -0.4) (end 0.8 -0.4) (layer F.Fab) (width 0.1))
    (fp_line (start -0.8 0.4) (end -0.8 -0.4) (layer F.Fab) (width 0.1))
    (pad 2 smd roundrect (at 0.7875 0 90) (size 0.875 0.95) (layers F.Cu F.Paste F.Mask) (roundrect_rratio 0.25)
      (net 1 GND))
    (pad 1 smd roundrect (at -0.7875 0 90) (size 0.875 0.95) (layers F.Cu F.Paste F.Mask) (roundrect_rratio 0.25)
      (net 2 +3V3))
    (model ${KISYS3DMOD}/Capacitor_SMD.3dshapes/C_0603_1608Metric.wrl
      (at (xyz 0 0 0))
      (scale (xyz 1 1 1))
      (rotate (xyz 0 0 0))
    )
  )

  (module Capacitor_SMD:C_0402_1005Metric (layer F.Cu) (tedit 5B301BBE) (tstamp 5D7183C4)
    (at 270.51 263.525 270)
    (descr "Capacitor SMD 0402 (1005 Metric), square (rectangular) end terminal, IPC_7351 nominal, (Body size source: http://www.tortai-tech.com/upload/download/2011102023233369053.pdf), generated with kicad-footprint-generator")
    (tags capacitor)
    (path /5D5B17D8/5D6C2DE3)
    (attr smd)
    (fp_text reference C20 (at 0 -1.17 90) (layer F.SilkS)
      (effects (font (size 1 1) (thickness 0.15)))
    )
    (fp_text value 10nF (at 0 1.17 90) (layer F.Fab)
      (effects (font (size 1 1) (thickness 0.15)))
    )
    (fp_text user %R (at 0 0 90) (layer F.Fab)
      (effects (font (size 0.25 0.25) (thickness 0.04)))
    )
    (fp_line (start 0.93 0.47) (end -0.93 0.47) (layer F.CrtYd) (width 0.05))
    (fp_line (start 0.93 -0.47) (end 0.93 0.47) (layer F.CrtYd) (width 0.05))
    (fp_line (start -0.93 -0.47) (end 0.93 -0.47) (layer F.CrtYd) (width 0.05))
    (fp_line (start -0.93 0.47) (end -0.93 -0.47) (layer F.CrtYd) (width 0.05))
    (fp_line (start 0.5 0.25) (end -0.5 0.25) (layer F.Fab) (width 0.1))
    (fp_line (start 0.5 -0.25) (end 0.5 0.25) (layer F.Fab) (width 0.1))
    (fp_line (start -0.5 -0.25) (end 0.5 -0.25) (layer F.Fab) (width 0.1))
    (fp_line (start -0.5 0.25) (end -0.5 -0.25) (layer F.Fab) (width 0.1))
    (pad 2 smd roundrect (at 0.485 0 270) (size 0.59 0.64) (layers F.Cu F.Paste F.Mask) (roundrect_rratio 0.25)
      (net 4 "Net-(C20-Pad2)"))
    (pad 1 smd roundrect (at -0.485 0 270) (size 0.59 0.64) (layers F.Cu F.Paste F.Mask) (roundrect_rratio 0.25)
      (net 5 "Net-(C20-Pad1)"))
    (model ${KISYS3DMOD}/Capacitor_SMD.3dshapes/C_0402_1005Metric.wrl
      (at (xyz 0 0 0))
      (scale (xyz 1 1 1))
      (rotate (xyz 0 0 0))
    )
  )

  (module Capacitor_SMD:C_0402_1005Metric (layer F.Cu) (tedit 5B301BBE) (tstamp 5D7183D3)
    (at 269.367 266.573 90)
    (descr "Capacitor SMD 0402 (1005 Metric), square (rectangular) end terminal, IPC_7351 nominal, (Body size source: http://www.tortai-tech.com/upload/download/2011102023233369053.pdf), generated with kicad-footprint-generator")
    (tags capacitor)
    (path /5D5B17D8/5D6BC5E2)
    (attr smd)
    (fp_text reference C21 (at 0 -1.17 90) (layer F.SilkS)
      (effects (font (size 1 1) (thickness 0.15)))
    )
    (fp_text value 33nF (at 0 1.17 90) (layer F.Fab)
      (effects (font (size 1 1) (thickness 0.15)))
    )
    (fp_line (start -0.5 0.25) (end -0.5 -0.25) (layer F.Fab) (width 0.1))
    (fp_line (start -0.5 -0.25) (end 0.5 -0.25) (layer F.Fab) (width 0.1))
    (fp_line (start 0.5 -0.25) (end 0.5 0.25) (layer F.Fab) (width 0.1))
    (fp_line (start 0.5 0.25) (end -0.5 0.25) (layer F.Fab) (width 0.1))
    (fp_line (start -0.93 0.47) (end -0.93 -0.47) (layer F.CrtYd) (width 0.05))
    (fp_line (start -0.93 -0.47) (end 0.93 -0.47) (layer F.CrtYd) (width 0.05))
    (fp_line (start 0.93 -0.47) (end 0.93 0.47) (layer F.CrtYd) (width 0.05))
    (fp_line (start 0.93 0.47) (end -0.93 0.47) (layer F.CrtYd) (width 0.05))
    (fp_text user %R (at 0 0 90) (layer F.Fab)
      (effects (font (size 0.25 0.25) (thickness 0.04)))
    )
    (pad 1 smd roundrect (at -0.485 0 90) (size 0.59 0.64) (layers F.Cu F.Paste F.Mask) (roundrect_rratio 0.25)
      (net 1 GND))
    (pad 2 smd roundrect (at 0.485 0 90) (size 0.59 0.64) (layers F.Cu F.Paste F.Mask) (roundrect_rratio 0.25)
      (net 2 +3V3))
    (model ${KISYS3DMOD}/Capacitor_SMD.3dshapes/C_0402_1005Metric.wrl
      (at (xyz 0 0 0))
      (scale (xyz 1 1 1))
      (rotate (xyz 0 0 0))
    )
  )

  (module Capacitor_SMD:C_0603_1608Metric (layer F.Cu) (tedit 5B301BBE) (tstamp 5D7183E4)
    (at 262.001 264.1345 270)
    (descr "Capacitor SMD 0603 (1608 Metric), square (rectangular) end terminal, IPC_7351 nominal, (Body size source: http://www.tortai-tech.com/upload/download/2011102023233369053.pdf), generated with kicad-footprint-generator")
    (tags capacitor)
    (path /5D5B17D8/5D7EB85A)
    (attr smd)
