(kicad_pcb (version 20171130) (host pcbnew "(5.1.2)-1")

  (general
    (thickness 1.6)
    (drawings 17)
    (tracks 1155)
    (zones 0)
    (modules 89)
    (nets 102)
  )

  (page A4)
  (title_block
    (title "PCB for Project Mach 1 flight computer")
    (date 2019-09-16)
    (company "Imperial College Space Society")
    (comment 1 "Richard Ibbotson, Medad Newman")
  )

  (layers
    (0 F.Cu signal)
    (1 GND.Cu power)
    (2 VCC.Cu power hide)
    (31 B.Cu signal)
    (32 B.Adhes user hide)
    (33 F.Adhes user hide)
    (34 B.Paste user hide)
    (35 F.Paste user hide)
    (36 B.SilkS user)
    (37 F.SilkS user)
    (38 B.Mask user hide)
    (39 F.Mask user)
    (40 Dwgs.User user)
    (41 Cmts.User user hide)
    (42 Eco1.User user hide)
    (43 Eco2.User user)
    (44 Edge.Cuts user)
    (45 Margin user hide)
    (46 B.CrtYd user hide)
    (47 F.CrtYd user)
    (48 B.Fab user hide)
    (49 F.Fab user hide)
  )

  (setup
    (last_trace_width 0.25)
    (user_trace_width 0.25)
    (user_trace_width 0.2933)
    (user_trace_width 2)
    (user_trace_width 2.54)
    (user_trace_width 5)
    (trace_clearance 0.2)
    (zone_clearance 0.508)
    (zone_45_only no)
    (trace_min 0.2)
    (via_size 0.8)
    (via_drill 0.4)
    (via_min_size 0.4)
    (via_min_drill 0.3)
    (uvia_size 0.3)
    (uvia_drill 0.1)
    (uvias_allowed no)
    (uvia_min_size 0.2)
    (uvia_min_drill 0.1)
    (edge_width 0.05)
    (segment_width 0.2)
    (pcb_text_width 0.3)
    (pcb_text_size 1.5 1.5)
    (mod_edge_width 0.12)
    (mod_text_size 1 1)
    (mod_text_width 0.15)
    (pad_size 1.524 1.524)
    (pad_drill 0.762)
    (pad_to_mask_clearance 0.051)
    (solder_mask_min_width 0.25)
    (aux_axis_origin 0 0)
    (visible_elements 7FFFFFFF)
    (pcbplotparams
      (layerselection 0x010fc_ffffffff)
      (usegerberextensions false)
      (usegerberattributes false)
      (usegerberadvancedattributes false)
      (creategerberjobfile false)
      (excludeedgelayer true)
      (linewidth 0.100000)
      (plotframeref false)
      (viasonmask false)
      (mode 1)
      (useauxorigin false)
      (hpglpennumber 1)
      (hpglpenspeed 20)
      (hpglpendiameter 15.000000)
      (psnegative false)
      (psa4output false)
      (plotreference true)
      (plotvalue true)
      (plotinvisibletext false)
      (padsonsilk false)
      (subtractmaskfromsilk false)
      (outputformat 4)
      (mirror false)
      (drillshape 0)
      (scaleselection 1)
      (outputdirectory "D:/Long term storage and temp/dead weight program downloads/gerber test/"))
  )

  (net 0 "")
  (net 1 GND)
  (net 2 +3V3)
  (net 3 "Net-(C2-Pad1)")
  (net 4 "Net-(C20-Pad2)")
  (net 5 "Net-(C20-Pad1)")
  (net 6 /MCU/XIN)
  (net 7 /MCU/XOUT)
  (net 8 "Net-(C89-Pad1)")
  (net 9 "Net-(C90-Pad1)")
  (net 10 /MCU/SWCLK)
  (net 11 /MCU/SWDIO)
  (net 12 /MCU/USB_DM)
  (net 13 /pyro_driver/FIRE_A)
  (net 14 /pyro_driver/FIRE_B)
  (net 15 /pyro_driver/FET_B)
  (net 16 /MCU/MCU_SCLK1)
  (net 17 /MCU/MCU_MISO1)
  (net 18 /MCU/MCU_MOSI1)
  (net 19 /MCU/MCU_NSEL1)
  (net 20 /gps/GPS_RXD)
  (net 21 /gps/GPS_1PPS)
  (net 22 /gps/GPS_NRES)
  (net 23 /gps/GPS_SDA)
  (net 24 /gps/GPS_SCL)
  (net 25 /gps/GPS_NSAFEBOOT)
  (net 26 /MCU/MCU_NSEL4)
  (net 27 /MCU/MCU_MISO4)
  (net 28 /MCU/MCU_MOSI4)
  (net 29 /MCU/MCU_SCLK4)
  (net 30 /sensors/ACCL_RDY)
  (net 31 /sensors/GYRO_RDY)
  (net 32 "Net-(C30-Pad1)")
  (net 33 "Net-(D1-Pad2)")
  (net 34 "Net-(D2-Pad2)")
  (net 35 /power_supply/USB_DM)
  (net 36 /pyro_driver/FET_A)
  (net 37 /pyro_driver/FIRE_C)
  (net 38 /pyro_driver/FIRE_D)
  (net 39 /pyro_driver/FET_C)
  (net 40 /pyro_driver/FET_D)
  (net 41 /MCU/LED_RED)
  (net 42 /MCU/LED_BLUE)
  (net 43 /sensors/MAG_RDY)
  (net 44 "Net-(C9-Pad2)")
  (net 45 "Net-(C34-Pad1)")
  (net 46 "Net-(C35-Pad1)")
  (net 47 Vdrive)
  (net 48 "Net-(C8-Pad1)")
  (net 49 "Net-(C9-Pad1)")
  (net 50 "Net-(J6-Pad1)")
  (net 51 "Net-(L8-Pad1)")
  (net 52 "Net-(R2-Pad2)")
  (net 53 "Net-(U2-Pad7)")
  (net 54 "Net-(U2-Pad8)")
  (net 55 VBUS)
  (net 56 "Net-(J2-Pad2)")
  (net 57 "Net-(J2-Pad3)")
  (net 58 "Net-(ANT1-Pad1)")
  (net 59 /MCU/BUZZER)
  (net 60 /MCU/MCU_PA04)
  (net 61 /MCU/MCU_PA05)
  (net 62 /MCU/MCU_PA06)
  (net 63 /MCU/MCU_PA07)
  (net 64 /MCU/MCU_PB08)
  (net 65 /MCU/MCU_PB11)
  (net 66 /MCU/MCU_PA12)
  (net 67 /MCU/MCU_PA13)
  (net 68 /MCU/GPS_RXD0)
  (net 69 /MCU/MCU_PB10)
  (net 70 "Net-(J7-Pad1)")
  (net 71 "Net-(ANT1-Pad2)")
  (net 72 "Net-(J2-Pad4)")
  (net 73 "Net-(U1-Pad2)")
  (net 74 "Net-(U1-Pad11)")
  (net 75 "Net-(U1-Pad12)")
  (net 76 "Net-(U3-Pad20)")
  (net 77 "Net-(U3-Pad19)")
  (net 78 "Net-(U3-Pad16)")
  (net 79 "Net-(U3-Pad7)")
  (net 80 "Net-(U3-Pad5)")
  (net 81 "Net-(U4-Pad5)")
  (net 82 "Net-(U4-Pad13)")
  (net 83 "Net-(U4-Pad15)")
  (net 84 "Net-(U7-Pad5)")
  (net 85 "Net-(U7-Pad6)")
  (net 86 "Net-(U7-Pad9)")
  (net 87 "Net-(U7-Pad10)")
  (net 88 "Net-(U7-Pad12)")
  (net 89 "Net-(U7-Pad37)")
  (net 90 "Net-(U7-Pad38)")
  (net 91 "Net-(U7-Pad39)")
  (net 92 "Net-(U7-Pad51)")
  (net 93 "Net-(U7-Pad55)")
  (net 94 "Net-(U7-Pad59)")
  (net 95 "Net-(U7-Pad60)")
  (net 96 "Net-(U8-Pad6)")
  (net 97 "Net-(U10-Pad5)")
  (net 98 "Net-(U10-Pad1)")
  (net 99 "Net-(U10-Pad13)")
  (net 100 "Net-(U14-Pad4)")
  (net 101 "Net-(X1-Pad1)")

  (net_class Default "This is the default net class."
    (clearance 0.2)
    (trace_width 0.25)
    (via_dia 0.8)
    (via_drill 0.4)
    (uvia_dia 0.3)
    (uvia_drill 0.1)
    (add_net +3V3)
    (add_net /MCU/BUZZER)
    (add_net /MCU/GPS_RXD0)
    (add_net /MCU/LED_BLUE)
    (add_net /MCU/LED_RED)
    (add_net /MCU/MCU_MISO1)
    (add_net /MCU/MCU_MISO4)
    (add_net /MCU/MCU_MOSI1)
    (add_net /MCU/MCU_MOSI4)
    (add_net /MCU/MCU_NSEL1)
    (add_net /MCU/MCU_NSEL4)
    (add_net /MCU/MCU_PA04)
    (add_net /MCU/MCU_PA05)
    (add_net /MCU/MCU_PA06)
    (add_net /MCU/MCU_PA07)
    (add_net /MCU/MCU_PA12)
    (add_net /MCU/MCU_PA13)
    (add_net /MCU/MCU_PB08)
    (add_net /MCU/MCU_PB10)
    (add_net /MCU/MCU_PB11)
    (add_net /MCU/MCU_SCLK1)
    (add_net /MCU/MCU_SCLK4)
    (add_net /MCU/SWCLK)
    (add_net /MCU/SWDIO)
    (add_net /MCU/USB_DM)
    (add_net /MCU/XIN)
    (add_net /MCU/XOUT)
    (add_net /gps/GPS_1PPS)
    (add_net /gps/GPS_NRES)
    (add_net /gps/GPS_NSAFEBOOT)
    (add_net /gps/GPS_RXD)
    (add_net /gps/GPS_SCL)
    (add_net /gps/GPS_SDA)
    (add_net /power_supply/USB_DM)
    (add_net /pyro_driver/FIRE_A)
    (add_net /pyro_driver/FIRE_B)
    (add_net /pyro_driver/FIRE_C)
    (add_net /pyro_driver/FIRE_D)
    (add_net /sensors/ACCL_RDY)
    (add_net /sensors/GYRO_RDY)
    (add_net /sensors/MAG_RDY)
    (add_net GND)
    (add_net "Net-(ANT1-Pad1)")
    (add_net "Net-(ANT1-Pad2)")
    (add_net "Net-(C2-Pad1)")
    (add_net "Net-(C20-Pad1)")
    (add_net "Net-(C20-Pad2)")
    (add_net "Net-(C30-Pad1)")
    (add_net "Net-(C34-Pad1)")
    (add_net "Net-(C35-Pad1)")
    (add_net "Net-(C8-Pad1)")
    (add_net "Net-(C89-Pad1)")
    (add_net "Net-(C9-Pad1)")
    (add_net "Net-(C9-Pad2)")
    (add_net "Net-(C90-Pad1)")
    (add_net "Net-(D1-Pad2)")
    (add_net "Net-(D2-Pad2)")
    (add_net "Net-(J2-Pad2)")
    (add_net "Net-(J2-Pad3)")
    (add_net "Net-(J2-Pad4)")
    (add_net "Net-(J6-Pad1)")
    (add_net "Net-(J7-Pad1)")
    (add_net "Net-(L8-Pad1)")
    (add_net "Net-(R2-Pad2)")
    (add_net "Net-(U1-Pad11)")
    (add_net "Net-(U1-Pad12)")
    (add_net "Net-(U1-Pad2)")
    (add_net "Net-(U10-Pad1)")
    (add_net "Net-(U10-Pad13)")
    (add_net "Net-(U10-Pad5)")
    (add_net "Net-(U14-Pad4)")
    (add_net "Net-(U2-Pad7)")
    (add_net "Net-(U2-Pad8)")
    (add_net "Net-(U3-Pad16)")
    (add_net "Net-(U3-Pad19)")
    (add_net "Net-(U3-Pad20)")
    (add_net "Net-(U3-Pad5)")
    (add_net "Net-(U3-Pad7)")
    (add_net "Net-(U4-Pad13)")
    (add_net "Net-(U4-Pad15)")
    (add_net "Net-(U4-Pad5)")
    (add_net "Net-(U7-Pad10)")
    (add_net "Net-(U7-Pad12)")
    (add_net "Net-(U7-Pad37)")
    (add_net "Net-(U7-Pad38)")
    (add_net "Net-(U7-Pad39)")
    (add_net "Net-(U7-Pad5)")
    (add_net "Net-(U7-Pad51)")
    (add_net "Net-(U7-Pad55)")
    (add_net "Net-(U7-Pad59)")
    (add_net "Net-(U7-Pad6)")
    (add_net "Net-(U7-Pad60)")
    (add_net "Net-(U7-Pad9)")
    (add_net "Net-(U8-Pad6)")
    (add_net "Net-(X1-Pad1)")
    (add_net VBUS)
  )

  (net_class FETs ""
    (clearance 0.2)
    (trace_width 2)
    (via_dia 0.8)
    (via_drill 0.4)
    (uvia_dia 0.3)
    (uvia_drill 0.1)
    (add_net /pyro_driver/FET_A)
    (add_net /pyro_driver/FET_B)
    (add_net /pyro_driver/FET_C)
    (add_net /pyro_driver/FET_D)
  )

  (net_class Power ""
    (clearance 0.2)
    (trace_width 2)
    (via_dia 0.8)
    (via_drill 0.4)
    (uvia_dia 0.3)
    (uvia_drill 0.1)
    (add_net Vdrive)
  )

  (module flight-computer:Crystal_SMD_2520-4Pin_2.5x2.0mm (layer F.Cu) (tedit 5D80F384) (tstamp 5D863844)
    (at 104.648 94.234 180)
    (descr "SMD Crystal SERIES SMD2520/4 http://www.newxtal.com/UploadFiles/Images/2012-11-12-09-29-09-776.pdf, 2.5x2.0mm^2 package")
    (tags "SMD SMT crystal")
    (path /5D5B15F7/5D6EF892)
    (attr smd)
    (fp_text reference Y3 (at 0 -2.2) (layer F.SilkS)
      (effects (font (size 1 1) (thickness 0.15)))
    )
    (fp_text value 16MHz (at 0 2.2) (layer F.Fab)
      (effects (font (size 1 1) (thickness 0.15)))
    )
    (fp_line (start 1.7 -1.5) (end -1.7 -1.5) (layer F.CrtYd) (width 0.05))
    (fp_line (start 1.7 1.5) (end 1.7 -1.5) (layer F.CrtYd) (width 0.05))
    (fp_line (start -1.7 1.5) (end 1.7 1.5) (layer F.CrtYd) (width 0.05))
    (fp_line (start -1.7 -1.5) (end -1.7 1.5) (layer F.CrtYd) (width 0.05))
    (fp_line (start -1.65 1.4) (end 1.65 1.4) (layer F.SilkS) (width 0.12))
    (fp_line (start -1.65 -1.4) (end -1.65 1.4) (layer F.SilkS) (width 0.12))
    (fp_line (start -1.25 0) (end -0.25 1) (layer F.Fab) (width 0.1))
    (fp_line (start -1.25 -0.9) (end -1.15 -1) (layer F.Fab) (width 0.1))
    (fp_line (start -1.25 0.9) (end -1.25 -0.9) (layer F.Fab) (width 0.1))
    (fp_line (start -1.15 1) (end -1.25 0.9) (layer F.Fab) (width 0.1))
    (fp_line (start 1.15 1) (end -1.15 1) (layer F.Fab) (width 0.1))
    (fp_line (start 1.25 0.9) (end 1.15 1) (layer F.Fab) (width 0.1))
    (fp_line (start 1.25 -0.9) (end 1.25 0.9) (layer F.Fab) (width 0.1))
    (fp_line (start 1.15 -1) (end 1.25 -0.9) (layer F.Fab) (width 0.1))
    (fp_line (start -1.15 -1) (end 1.15 -1) (layer F.Fab) (width 0.1))
    (fp_text user %R (at 0 0 180) (layer F.Fab)
      (effects (font (size 0.6 0.6) (thickness 0.09)))
    )
    (pad 4 smd rect (at -0.875 -0.7 180) (size 1.15 1) (layers F.Cu F.Paste F.Mask)
      (net 1 GND))
    (pad 3 smd rect (at 0.875 -0.7 180) (size 1.15 1) (layers F.Cu F.Paste F.Mask)
      (net 7 /MCU/XOUT))
    (pad 2 smd rect (at 0.875 0.7 180) (size 1.15 1) (layers F.Cu F.Paste F.Mask)
      (net 1 GND))
    (pad 1 smd rect (at -0.875 0.7 180) (size 1.15 1) (layers F.Cu F.Paste F.Mask)
      (net 6 /MCU/XIN))
    (model "${KIPRJMOD}/flight computer.3dshapes/Crystal_SMD_2520-4Pin_2.5x2.0mm.wrl"
      (at (xyz 0 0 0))
      (scale (xyz 0.3937007874 0.3937007874 0.3937007874))
      (rotate (xyz -90 0 0))
    )
  )

  (module flight-computer:TerminalBlock_TE_282834-4_1x04_P2.54mm_Horizontal (layer B.Cu) (tedit 5D7A8C87) (tstamp 5D85E5F7)
    (at 105.791 86.614 90)
    (descr "Terminal Block TE 282834-4, 4 pins, pitch 2.54mm, size 10.620000000000001x6.5mm^2, drill diamater 1.1mm, pad diameter 2.1mm, see http://www.te.com/commerce/DocumentDelivery/DDEController?Action=showdoc&DocId=Customer+Drawing%7F282834%7FC1%7Fpdf%7FEnglish%7FENG_CD_282834_C1.pdf, script-generated using https://github.com/pointhi/kicad-footprint-generator/scripts/TerminalBlock_TE-Connectivity")
    (tags "THT Terminal Block TE 282834-4 pitch 2.54mm size 10.620000000000001x6.5mm^2 drill 1.1mm pad 2.1mm")
    (path /5D6468D5/5D9DD6B6)
    (fp_text reference J3 (at 3.81 4.37 270) (layer B.SilkS)
      (effects (font (size 1 1) (thickness 0.15)) (justify mirror))
    )
    (fp_text value Screw_Terminal_01x04 (at 3.81 -4.37 270) (layer B.Fab)
      (effects (font (size 1 1) (thickness 0.15)) (justify mirror))
    )
    (fp_text user %R (at 3.81 -2 270) (layer B.Fab)
      (effects (font (size 1 1) (thickness 0.15)) (justify mirror))
    )
    (fp_line (start 9.63 3.75) (end -2 3.75) (layer B.CrtYd) (width 0.05))
    (fp_line (start 9.63 -3.75) (end 9.63 3.75) (layer B.CrtYd) (width 0.05))
    (fp_line (start -2 -3.75) (end 9.63 -3.75) (layer B.CrtYd) (width 0.05))
    (fp_line (start -2 3.75) (end -2 -3.75) (layer B.CrtYd) (width 0.05))
    (fp_line (start -1.86 -3.61) (end -1.46 -3.61) (layer B.SilkS) (width 0.12))
    (fp_line (start -1.86 -2.97) (end -1.86 -3.61) (layer B.SilkS) (width 0.12))
    (fp_line (start 8.321 0.835) (end 6.786 -0.7) (layer B.Fab) (width 0.1))
    (fp_line (start 8.455 0.7) (end 6.92 -0.835) (layer B.Fab) (width 0.1))
    (fp_line (start 5.781 0.835) (end 4.246 -0.7) (layer B.Fab) (width 0.1))
    (fp_line (start 5.915 0.7) (end 4.38 -0.835) (layer B.Fab) (width 0.1))
    (fp_line (start 3.241 0.835) (end 1.706 -0.7) (layer B.Fab) (width 0.1))
    (fp_line (start 3.375 0.7) (end 1.84 -0.835) (layer B.Fab) (width 0.1))
    (fp_line (start 0.701 0.835) (end -0.835 -0.7) (layer B.Fab) (width 0.1))
    (fp_line (start 0.835 0.7) (end -0.701 -0.835) (layer B.Fab) (width 0.1))
    (fp_line (start 9.241 3.37) (end 9.241 -3.37) (layer B.SilkS) (width 0.12))
    (fp_line (start -1.62 3.37) (end -1.62 -3.37) (layer B.SilkS) (width 0.12))
    (fp_line (start -1.62 -3.37) (end 9.241 -3.37) (layer B.SilkS) (width 0.12))
    (fp_line (start -1.62 3.37) (end 9.241 3.37) (layer B.SilkS) (width 0.12))
    (fp_line (start -1.62 2.25) (end 9.241 2.25) (layer B.SilkS) (width 0.12))
    (fp_line (start -1.5 2.25) (end 9.12 2.25) (layer B.Fab) (width 0.1))
    (fp_line (start -1.62 -2.85) (end 9.241 -2.85) (layer B.SilkS) (width 0.12))
    (fp_line (start -1.5 -2.85) (end 9.12 -2.85) (layer B.Fab) (width 0.1))
    (fp_line (start -1.5 -2.85) (end -1.5 3.25) (layer B.Fab) (width 0.1))
    (fp_line (start -1.1 -3.25) (end -1.5 -2.85) (layer B.Fab) (width 0.1))
    (fp_line (start 9.12 -3.25) (end -1.1 -3.25) (layer B.Fab) (width 0.1))
    (fp_line (start 9.12 3.25) (end 9.12 -3.25) (layer B.Fab) (width 0.1))
    (fp_line (start -1.5 3.25) (end 9.12 3.25) (layer B.Fab) (width 0.1))
    (fp_circle (center 7.62 0) (end 8.72 0) (layer B.Fab) (width 0.1))
    (fp_circle (center 5.08 0) (end 6.18 0) (layer B.Fab) (width 0.1))
    (fp_circle (center 2.54 0) (end 3.64 0) (layer B.Fab) (width 0.1))
    (fp_circle (center 0 0) (end 1.1 0) (layer B.Fab) (width 0.1))
    (pad 4 thru_hole circle (at 7.62 0 90) (size 2.1 2.1) (drill 1.1) (layers *.Cu *.Mask)
      (net 36 /pyro_driver/FET_A))
    (pad 3 thru_hole circle (at 5.08 0 90) (size 2.1 2.1) (drill 1.1) (layers *.Cu *.Mask)
      (net 47 Vdrive))
    (pad 2 thru_hole circle (at 2.54 0 90) (size 2.1 2.1) (drill 1.1) (layers *.Cu *.Mask)
      (net 15 /pyro_driver/FET_B))
    (pad 1 thru_hole rect (at 0 0 90) (size 2.1 2.1) (drill 1.1) (layers *.Cu *.Mask)
      (net 47 Vdrive))
    (model "${KIPRJMOD}/flight computer.3dshapes/TerminalBlock_TE_282834-4_1x04_P2.54mm_Horizontal.wrl"
      (offset (xyz 3.75 -3.25 3))
      (scale (xyz 0.3937 0.3937 0.3937))
      (rotate (xyz -90 0 0))
    )
  )

  (module BMI088:PQFN50P450X300X100-16N (layer F.Cu) (tedit 5D7FD1A9) (tstamp 5D7189B7)
    (at 97.79 128.905 90)
    (path /5D5B1586/5D6DBE05)
    (attr smd)
    (fp_text reference U10 (at -0.457 -3.502 90) (layer F.SilkS)
      (effects (font (size 1 1) (thickness 0.05)))
    )
    (fp_text value BMI088 (at 0.178 3.265 90) (layer F.SilkS)
      (effects (font (size 1 1) (thickness 0.05)))
    )
    (fp_line (start 2.28 -1.53) (end 2.28 1.53) (layer Eco2.User) (width 0.127))
    (fp_line (start 2.28 1.53) (end -2.28 1.53) (layer Eco2.User) (width 0.127))
    (fp_line (start -2.28 1.53) (end -2.28 -1.53) (layer Eco2.User) (width 0.127))
    (fp_line (start -2.28 -1.53) (end 2.28 -1.53) (layer Eco2.User) (width 0.127))
    (fp_line (start 2.28 -0.5) (end 2.28 -1.53) (layer F.SilkS) (width 0.127))
    (fp_line (start 2.28 -1.53) (end 2 -1.53) (layer F.SilkS) (width 0.127))
    (fp_line (start 2.28 0.5) (end 2.28 1.53) (layer F.SilkS) (width 0.127))
    (fp_line (start 2.28 1.53) (end 2 1.53) (layer F.SilkS) (width 0.127))
    (fp_line (start -2 1.53) (end -2.28 1.53) (layer F.SilkS) (width 0.127))
    (fp_line (start -2.28 1.53) (end -2.28 0.5) (layer F.SilkS) (width 0.127))
    (fp_line (start -2.28 -0.5) (end -2.28 -1.53) (layer F.SilkS) (width 0.127))
    (fp_line (start -2.28 -1.53) (end -2 -1.53) (layer F.SilkS) (width 0.127))
    (fp_line (start 2.53 -1.78) (end 2.53 1.78) (layer F.CrtYd) (width 0.05))
    (fp_line (start 2.53 1.78) (end -2.53 1.78) (layer F.CrtYd) (width 0.05))
    (fp_line (start -2.53 1.78) (end -2.53 -1.78) (layer F.CrtYd) (width 0.05))
    (fp_line (start -2.53 -1.78) (end 2.53 -1.78) (layer F.CrtYd) (width 0.05))
    (fp_circle (center -1.629 -2.1) (end -1.529 -2.1) (layer F.SilkS) (width 0.2))
    (fp_circle (center -1.629 -2.1) (end -1.529 -2.1) (layer Eco2.User) (width 0.2))
    (pad 7 smd rect (at 1.5 -1.16) (size 0.58 0.35) (layers F.Cu F.Paste F.Mask)
      (net 2 +3V3))
    (pad 6 smd rect (at 1 -1.16) (size 0.58 0.35) (layers F.Cu F.Paste F.Mask)
      (net 1 GND))
    (pad 5 smd rect (at 0.5 -1.16) (size 0.58 0.35) (layers F.Cu F.Paste F.Mask)
      (net 97 "Net-(U10-Pad5)"))
    (pad 4 smd rect (at 0 -1.16) (size 0.58 0.35) (layers F.Cu F.Paste F.Mask)
      (net 1 GND))
    (pad 3 smd rect (at -0.5 -1.16) (size 0.58 0.35) (layers F.Cu F.Paste F.Mask)
      (net 2 +3V3))
    (pad 2 smd rect (at -1 -1.16) (size 0.58 0.35) (layers F.Cu F.Paste F.Mask))
    (pad 1 smd rect (at -1.5 -1.16) (size 0.58 0.35) (layers F.Cu F.Paste F.Mask)
      (net 98 "Net-(U10-Pad1)"))
    (pad 16 smd rect (at -1.91 0 90) (size 0.58 0.35) (layers F.Cu F.Paste F.Mask)
      (net 30 /sensors/ACCL_RDY))
    (pad 15 smd rect (at -1.5 1.16 180) (size 0.58 0.35) (layers F.Cu F.Paste F.Mask)
      (net 1 GND))
    (pad 14 smd rect (at -1 1.16 180) (size 0.58 0.35) (layers F.Cu F.Paste F.Mask)
      (net 2 +3V3))
    (pad 13 smd rect (at -0.5 1.16 180) (size 0.58 0.35) (layers F.Cu F.Paste F.Mask)
      (net 99 "Net-(U10-Pad13)"))
    (pad 12 smd rect (at 0 1.16 180) (size 0.58 0.35) (layers F.Cu F.Paste F.Mask)
      (net 31 /sensors/GYRO_RDY))
    (pad 11 smd rect (at 0.5 1.16 180) (size 0.58 0.35) (layers F.Cu F.Paste F.Mask)
      (net 2 +3V3))
    (pad 10 smd rect (at 1 1.16 180) (size 0.58 0.35) (layers F.Cu F.Paste F.Mask)
      (net 1 GND))
    (pad 9 smd rect (at 1.5 1.16 180) (size 0.58 0.35) (layers F.Cu F.Paste F.Mask)
      (net 23 /gps/GPS_SDA))
    (pad 8 smd rect (at 1.91 0 270) (size 0.58 0.35) (layers F.Cu F.Paste F.Mask)
      (net 24 /gps/GPS_SCL))
  )

  (module MountingHole:MountingHole_3.2mm_M3_Pad (layer F.Cu) (tedit 56D1B4CB) (tstamp 5D81B50C)
    (at 118.999 61.595 270)
    (descr "Mounting Hole 3.2mm, M3")
    (tags "mounting hole 3.2mm m3")
    (path /5D5B15F7/5D7F7FA5)
    (attr virtual)
    (fp_text reference H2 (at 0 -4.2 90) (layer F.SilkS)
      (effects (font (size 1 1) (thickness 0.15)))
    )
    (fp_text value MountingHole_Pad (at 0 4.2 90) (layer F.Fab)
      (effects (font (size 1 1) (thickness 0.15)))
    )
    (fp_text user %R (at 0.3 0 90) (layer F.Fab)
      (effects (font (size 1 1) (thickness 0.15)))
    )
    (fp_circle (center 0 0) (end 3.2 0) (layer Cmts.User) (width 0.15))
    (fp_circle (center 0 0) (end 3.45 0) (layer F.CrtYd) (width 0.05))
    (pad 1 thru_hole circle (at 0 0 270) (size 6.4 6.4) (drill 3.2) (layers *.Cu *.Mask)
      (net 1 GND))
  )

  (module Resistor_SMD:R_0603_1608Metric (layer F.Cu) (tedit 5B301BBD) (tstamp 5D7C01DF)
    (at 117.221 89.027 270)
    (descr "Resistor SMD 0603 (1608 Metric), square (rectangular) end terminal, IPC_7351 nominal, (Body size source: http://www.tortai-tech.com/upload/download/2011102023233369053.pdf), generated with kicad-footprint-generator")
    (tags resistor)
    (path /5D6468D5/5D7DA5AC)
    (attr smd)
    (fp_text reference R21 (at 0 -1.43 90) (layer F.SilkS)
      (effects (font (size 1 1) (thickness 0.15)))
    )
    (fp_text value 100K (at 0 1.43 90) (layer F.Fab)
      (effects (font (size 1 1) (thickness 0.15)))
    )
    (fp_text user %R (at 0 0 90) (layer F.Fab)
      (effects (font (size 0.4 0.4) (thickness 0.06)))
    )
    (fp_line (start 1.48 0.73) (end -1.48 0.73) (layer F.CrtYd) (width 0.05))
    (fp_line (start 1.48 -0.73) (end 1.48 0.73) (layer F.CrtYd) (width 0.05))
    (fp_line (start -1.48 -0.73) (end 1.48 -0.73) (layer F.CrtYd) (width 0.05))
    (fp_line (start -1.48 0.73) (end -1.48 -0.73) (layer F.CrtYd) (width 0.05))
    (fp_line (start -0.162779 0.51) (end 0.162779 0.51) (layer F.SilkS) (width 0.12))
    (fp_line (start -0.162779 -0.51) (end 0.162779 -0.51) (layer F.SilkS) (width 0.12))
    (fp_line (start 0.8 0.4) (end -0.8 0.4) (layer F.Fab) (width 0.1))
    (fp_line (start 0.8 -0.4) (end 0.8 0.4) (layer F.Fab) (width 0.1))
    (fp_line (start -0.8 -0.4) (end 0.8 -0.4) (layer F.Fab) (width 0.1))
    (fp_line (start -0.8 0.4) (end -0.8 -0.4) (layer F.Fab) (width 0.1))
    (pad 2 smd roundrect (at 0.7875 0 270) (size 0.875 0.95) (layers F.Cu F.Paste F.Mask) (roundrect_rratio 0.25)
      (net 39 /pyro_driver/FET_C))
    (pad 1 smd roundrect (at -0.7875 0 270) (size 0.875 0.95) (layers F.Cu F.Paste F.Mask) (roundrect_rratio 0.25)
      (net 62 /MCU/MCU_PA06))
    (model ${KISYS3DMOD}/Resistor_SMD.3dshapes/R_0603_1608Metric.wrl
      (at (xyz 0 0 0))
      (scale (xyz 1 1 1))
      (rotate (xyz 0 0 0))
    )
  )

  (module Resistor_SMD:R_0603_1608Metric (layer F.Cu) (tedit 5B301BBD) (tstamp 5D7C0201)
    (at 118.745 89.027 270)
    (descr "Resistor SMD 0603 (1608 Metric), square (rectangular) end terminal, IPC_7351 nominal, (Body size source: http://www.tortai-tech.com/upload/download/2011102023233369053.pdf), generated with kicad-footprint-generator")
    (tags resistor)
    (path /5D6468D5/5D7DA5B6)
    (attr smd)
    (fp_text reference R23 (at 0 -1.43 90) (layer F.SilkS)
      (effects (font (size 1 1) (thickness 0.15)))
    )
    (fp_text value 27K (at 0 1.43 90) (layer F.Fab)
      (effects (font (size 1 1) (thickness 0.15)))
    )
    (fp_line (start -0.8 0.4) (end -0.8 -0.4) (layer F.Fab) (width 0.1))
    (fp_line (start -0.8 -0.4) (end 0.8 -0.4) (layer F.Fab) (width 0.1))
    (fp_line (start 0.8 -0.4) (end 0.8 0.4) (layer F.Fab) (width 0.1))
    (fp_line (start 0.8 0.4) (end -0.8 0.4) (layer F.Fab) (width 0.1))
    (fp_line (start -0.162779 -0.51) (end 0.162779 -0.51) (layer F.SilkS) (width 0.12))
    (fp_line (start -0.162779 0.51) (end 0.162779 0.51) (layer F.SilkS) (width 0.12))
    (fp_line (start -1.48 0.73) (end -1.48 -0.73) (layer F.CrtYd) (width 0.05))
    (fp_line (start -1.48 -0.73) (end 1.48 -0.73) (layer F.CrtYd) (width 0.05))
    (fp_line (start 1.48 -0.73) (end 1.48 0.73) (layer F.CrtYd) (width 0.05))
    (fp_line (start 1.48 0.73) (end -1.48 0.73) (layer F.CrtYd) (width 0.05))
    (fp_text user %R (at 0 0 90) (layer F.Fab)
      (effects (font (size 0.4 0.4) (thickness 0.06)))
    )
    (pad 1 smd roundrect (at -0.7875 0 270) (size 0.875 0.95) (layers F.Cu F.Paste F.Mask) (roundrect_rratio 0.25)
      (net 62 /MCU/MCU_PA06))
    (pad 2 smd roundrect (at 0.7875 0 270) (size 0.875 0.95) (layers F.Cu F.Paste F.Mask) (roundrect_rratio 0.25)
      (net 1 GND))
    (model ${KISYS3DMOD}/Resistor_SMD.3dshapes/R_0603_1608Metric.wrl
      (at (xyz 0 0 0))
      (scale (xyz 1 1 1))
      (rotate (xyz 0 0 0))
    )
  )

  (module Resistor_SMD:R_0603_1608Metric (layer F.Cu) (tedit 5B301BBD) (tstamp 5D7CD231)
    (at 118.237 76.708 90)
    (descr "Resistor SMD 0603 (1608 Metric), square (rectangular) end terminal, IPC_7351 nominal, (Body size source: http://www.tortai-tech.com/upload/download/2011102023233369053.pdf), generated with kicad-footprint-generator")
    (tags resistor)
    (path /5D6468D5/5D7DA611)
    (attr smd)
    (fp_text reference R22 (at 0 -1.43 90) (layer F.SilkS)
      (effects (font (size 1 1) (thickness 0.15)))
    )
    (fp_text value 100K (at 0 1.43 90) (layer F.Fab)
      (effects (font (size 1 1) (thickness 0.15)))
    )
    (fp_line (start -0.8 0.4) (end -0.8 -0.4) (layer F.Fab) (width 0.1))
    (fp_line (start -0.8 -0.4) (end 0.8 -0.4) (layer F.Fab) (width 0.1))
    (fp_line (start 0.8 -0.4) (end 0.8 0.4) (layer F.Fab) (width 0.1))
    (fp_line (start 0.8 0.4) (end -0.8 0.4) (layer F.Fab) (width 0.1))
    (fp_line (start -0.162779 -0.51) (end 0.162779 -0.51) (layer F.SilkS) (width 0.12))
    (fp_line (start -0.162779 0.51) (end 0.162779 0.51) (layer F.SilkS) (width 0.12))
    (fp_line (start -1.48 0.73) (end -1.48 -0.73) (layer F.CrtYd) (width 0.05))
    (fp_line (start -1.48 -0.73) (end 1.48 -0.73) (layer F.CrtYd) (width 0.05))
    (fp_line (start 1.48 -0.73) (end 1.48 0.73) (layer F.CrtYd) (width 0.05))
    (fp_line (start 1.48 0.73) (end -1.48 0.73) (layer F.CrtYd) (width 0.05))
    (fp_text user %R (at 0 0 90) (layer F.Fab)
      (effects (font (size 0.4 0.4) (thickness 0.06)))
    )
    (pad 1 smd roundrect (at -0.7875 0 90) (size 0.875 0.95) (layers F.Cu F.Paste F.Mask) (roundrect_rratio 0.25)
      (net 63 /MCU/MCU_PA07))
    (pad 2 smd roundrect (at 0.7875 0 90) (size 0.875 0.95) (layers F.Cu F.Paste F.Mask) (roundrect_rratio 0.25)
      (net 40 /pyro_driver/FET_D))
    (model ${KISYS3DMOD}/Resistor_SMD.3dshapes/R_0603_1608Metric.wrl
      (at (xyz 0 0 0))
      (scale (xyz 1 1 1))
      (rotate (xyz 0 0 0))
    )
  )

  (module Resistor_SMD:R_0603_1608Metric (layer F.Cu) (tedit 5B301BBD) (tstamp 5D7C0212)
    (at 118.999 78.994)
    (descr "Resistor SMD 0603 (1608 Metric), square (rectangular) end terminal, IPC_7351 nominal, (Body size source: http://www.tortai-tech.com/upload/download/2011102023233369053.pdf), generated with kicad-footprint-generator")
    (tags resistor)
    (path /5D6468D5/5D7DA61B)
    (attr smd)
    (fp_text reference R24 (at 0 -1.43) (layer F.SilkS)
      (effects (font (size 1 1) (thickness 0.15)))
    )
    (fp_text value 27K (at 0 1.43) (layer F.Fab)
      (effects (font (size 1 1) (thickness 0.15)))
    )
    (fp_text user %R (at 0 0) (layer F.Fab)
      (effects (font (size 0.4 0.4) (thickness 0.06)))
    )
    (fp_line (start 1.48 0.73) (end -1.48 0.73) (layer F.CrtYd) (width 0.05))
    (fp_line (start 1.48 -0.73) (end 1.48 0.73) (layer F.CrtYd) (width 0.05))
    (fp_line (start -1.48 -0.73) (end 1.48 -0.73) (layer F.CrtYd) (width 0.05))
    (fp_line (start -1.48 0.73) (end -1.48 -0.73) (layer F.CrtYd) (width 0.05))
    (fp_line (start -0.162779 0.51) (end 0.162779 0.51) (layer F.SilkS) (width 0.12))
    (fp_line (start -0.162779 -0.51) (end 0.162779 -0.51) (layer F.SilkS) (width 0.12))
    (fp_line (start 0.8 0.4) (end -0.8 0.4) (layer F.Fab) (width 0.1))
    (fp_line (start 0.8 -0.4) (end 0.8 0.4) (layer F.Fab) (width 0.1))
    (fp_line (start -0.8 -0.4) (end 0.8 -0.4) (layer F.Fab) (width 0.1))
    (fp_line (start -0.8 0.4) (end -0.8 -0.4) (layer F.Fab) (width 0.1))
    (pad 2 smd roundrect (at 0.7875 0) (size 0.875 0.95) (layers F.Cu F.Paste F.Mask) (roundrect_rratio 0.25)
      (net 1 GND))
    (pad 1 smd roundrect (at -0.7875 0) (size 0.875 0.95) (layers F.Cu F.Paste F.Mask) (roundrect_rratio 0.25)
      (net 63 /MCU/MCU_PA07))
    (model ${KISYS3DMOD}/Resistor_SMD.3dshapes/R_0603_1608Metric.wrl
      (at (xyz 0 0 0))
      (scale (xyz 1 1 1))
      (rotate (xyz 0 0 0))
    )
  )

  (module Package_SO:Vishay_PowerPAK_1212-8_Dual (layer F.Cu) (tedit 5BD8D167) (tstamp 5D7C62CF)
    (at 118.9215 83.0855 180)
    (descr "PowerPAK 1212-8 Dual (https://www.vishay.com/docs/71656/ppak12128.pdf, https://www.vishay.com/docs/72598/72598.pdf)")
    (tags Vishay_PowerPAK_1212-8_Dual)
    (path /5D6468D5/5D7DA5FD)
    (attr smd)
    (fp_text reference U5 (at 0 -2.7) (layer F.SilkS)
      (effects (font (size 1 1) (thickness 0.15)))
    )
    (fp_text value Si7232DN (at 0 2.7) (layer F.Fab)
      (effects (font (size 1 1) (thickness 0.15)))
    )
    (fp_text user %R (at 0 0) (layer F.Fab)
      (effects (font (size 0.7 0.7) (thickness 0.105)))
    )
    (fp_line (start -0.8 -1.525) (end 1.525 -1.525) (layer F.Fab) (width 0.1))
    (fp_line (start 1.525 -1.525) (end 1.525 1.525) (layer F.Fab) (width 0.1))
    (fp_line (start -1.525 1.525) (end 1.525 1.525) (layer F.Fab) (width 0.1))
    (fp_line (start -1.525 -0.8) (end -1.525 1.525) (layer F.Fab) (width 0.1))
    (fp_line (start -1.87 -1.635) (end 1.635 -1.635) (layer F.SilkS) (width 0.12))
    (fp_line (start -1.635 1.645) (end 1.635 1.645) (layer F.SilkS) (width 0.12))
    (fp_line (start -2.18 -1.78) (end -2.18 1.78) (layer F.CrtYd) (width 0.05))
    (fp_line (start -2.18 1.78) (end 2.18 1.78) (layer F.CrtYd) (width 0.05))
    (fp_line (start 2.18 -1.78) (end 2.18 1.78) (layer F.CrtYd) (width 0.05))
    (fp_line (start -2.18 -1.78) (end 2.18 -1.78) (layer F.CrtYd) (width 0.05))
    (fp_line (start -1.525 -0.8) (end -0.8 -1.525) (layer F.Fab) (width 0.1))
    (fp_line (start -1.635 1.3) (end -1.635 1.635) (layer F.SilkS) (width 0.12))
    (fp_line (start 1.635 1.3) (end 1.635 1.635) (layer F.SilkS) (width 0.12))
    (fp_line (start 1.635 -1.635) (end 1.635 -1.3) (layer F.SilkS) (width 0.12))
    (pad 1 smd rect (at -1.435 -0.99 180) (size 0.99 0.405) (layers F.Cu F.Paste F.Mask)
      (net 1 GND))
    (pad 2 smd rect (at -1.435 -0.33 180) (size 0.99 0.405) (layers F.Cu F.Paste F.Mask)
      (net 37 /pyro_driver/FIRE_C))
    (pad 3 smd rect (at -1.435 0.33 180) (size 0.99 0.405) (layers F.Cu F.Paste F.Mask)
      (net 1 GND))
    (pad 4 smd rect (at -1.435 0.99 180) (size 0.99 0.405) (layers F.Cu F.Paste F.Mask)
      (net 38 /pyro_driver/FIRE_D))
    (pad 5 smd custom (at 0.5575 0.6075 180) (size 1.725 0.99) (layers F.Cu F.Paste F.Mask)
      (net 40 /pyro_driver/FET_D) (zone_connect 2)
      (options (clearance outline) (anchor rect))
      (primitives
        (gr_poly (pts
           (xy 0.6125 -0.495) (xy 1.3725 -0.495) (xy 1.3725 -0.09) (xy 0.8625 -0.09) (xy 0.8625 0.165)
           (xy 1.3725 0.165) (xy 1.3725 0.5875) (xy 0.6125 0.5875)) (width 0))
      ))
    (pad 6 smd custom (at 0.5575 -0.6075 180) (size 1.725 0.99) (layers F.Cu F.Paste F.Mask)
      (net 39 /pyro_driver/FET_C) (zone_connect 2)
      (options (clearance outline) (anchor rect))
      (primitives
        (gr_poly (pts
           (xy 0.6125 0.495) (xy 1.3725 0.495) (xy 1.3725 0.09) (xy 0.8625 0.09) (xy 0.8625 -0.165)
           (xy 1.3725 -0.165) (xy 1.3725 -0.5875) (xy 0.6125 -0.5875)) (width 0))
      ))
    (model ${KISYS3DMOD}/Package_SO.3dshapes/Vishay_PowerPAK_1212-8_Dual.wrl
      (at (xyz 0 0 0))
      (scale (xyz 1 1 1))
      (rotate (xyz 0 0 0))
    )
  )

  (module Package_SO:Vishay_PowerPAK_1212-8_Dual (layer F.Cu) (tedit 5BD8D167) (tstamp 5D7C62E8)
    (at 100.33 85.344 90)
    (descr "PowerPAK 1212-8 Dual (https://www.vishay.com/docs/71656/ppak12128.pdf, https://www.vishay.com/docs/72598/72598.pdf)")
    (tags Vishay_PowerPAK_1212-8_Dual)
    (path /5D6468D5/5D743B81)
    (attr smd)
    (fp_text reference U6 (at 0 -2.7 90) (layer F.SilkS)
      (effects (font (size 1 1) (thickness 0.15)))
    )
    (fp_text value Si7232DN (at 0 2.7 90) (layer F.Fab)
      (effects (font (size 1 1) (thickness 0.15)))
    )
    (fp_line (start 1.635 -1.635) (end 1.635 -1.3) (layer F.SilkS) (width 0.12))
    (fp_line (start 1.635 1.3) (end 1.635 1.635) (layer F.SilkS) (width 0.12))
    (fp_line (start -1.635 1.3) (end -1.635 1.635) (layer F.SilkS) (width 0.12))
    (fp_line (start -1.525 -0.8) (end -0.8 -1.525) (layer F.Fab) (width 0.1))
    (fp_line (start -2.18 -1.78) (end 2.18 -1.78) (layer F.CrtYd) (width 0.05))
    (fp_line (start 2.18 -1.78) (end 2.18 1.78) (layer F.CrtYd) (width 0.05))
    (fp_line (start -2.18 1.78) (end 2.18 1.78) (layer F.CrtYd) (width 0.05))
    (fp_line (start -2.18 -1.78) (end -2.18 1.78) (layer F.CrtYd) (width 0.05))
    (fp_line (start -1.635 1.645) (end 1.635 1.645) (layer F.SilkS) (width 0.12))
    (fp_line (start -1.87 -1.635) (end 1.635 -1.635) (layer F.SilkS) (width 0.12))
    (fp_line (start -1.525 -0.8) (end -1.525 1.525) (layer F.Fab) (width 0.1))
    (fp_line (start -1.525 1.525) (end 1.525 1.525) (layer F.Fab) (width 0.1))
    (fp_line (start 1.525 -1.525) (end 1.525 1.525) (layer F.Fab) (width 0.1))
    (fp_line (start -0.8 -1.525) (end 1.525 -1.525) (layer F.Fab) (width 0.1))
    (fp_text user %R (at 0 0 90) (layer F.Fab)
      (effects (font (size 0.7 0.7) (thickness 0.105)))
    )
    (pad 6 smd custom (at 0.5575 -0.6075 90) (size 1.725 0.99) (layers F.Cu F.Paste F.Mask)
      (net 36 /pyro_driver/FET_A) (zone_connect 2)
      (options (clearance outline) (anchor rect))
      (primitives
        (gr_poly (pts
           (xy 0.6125 0.495) (xy 1.3725 0.495) (xy 1.3725 0.09) (xy 0.8625 0.09) (xy 0.8625 -0.165)
           (xy 1.3725 -0.165) (xy 1.3725 -0.5875) (xy 0.6125 -0.5875)) (width 0))
      ))
    (pad 5 smd custom (at 0.5575 0.6075 90) (size 1.725 0.99) (layers F.Cu F.Paste F.Mask)
      (net 15 /pyro_driver/FET_B) (zone_connect 2)
      (options (clearance outline) (anchor rect))
      (primitives
        (gr_poly (pts
           (xy 0.6125 -0.495) (xy 1.3725 -0.495) (xy 1.3725 -0.09) (xy 0.8625 -0.09) (xy 0.8625 0.165)
           (xy 1.3725 0.165) (xy 1.3725 0.5875) (xy 0.6125 0.5875)) (width 0))
      ))
    (pad 4 smd rect (at -1.435 0.99 90) (size 0.99 0.405) (layers F.Cu F.Paste F.Mask)
      (net 14 /pyro_driver/FIRE_B))
    (pad 3 smd rect (at -1.435 0.33 90) (size 0.99 0.405) (layers F.Cu F.Paste F.Mask)
      (net 1 GND))
    (pad 2 smd rect (at -1.435 -0.33 90) (size 0.99 0.405) (layers F.Cu F.Paste F.Mask)
      (net 13 /pyro_driver/FIRE_A))
    (pad 1 smd rect (at -1.435 -0.99 90) (size 0.99 0.405) (layers F.Cu F.Paste F.Mask)
      (net 1 GND))
    (model ${KISYS3DMOD}/Package_SO.3dshapes/Vishay_PowerPAK_1212-8_Dual.wrl
      (at (xyz 0 0 0))
      (scale (xyz 1 1 1))
      (rotate (xyz 0 0 0))
    )
  )

  (module Resistor_SMD:R_0603_1608Metric (layer F.Cu) (tedit 5B301BBD) (tstamp 5D7CAF57)
    (at 100.457 91.44 180)
    (descr "Resistor SMD 0603 (1608 Metric), square (rectangular) end terminal, IPC_7351 nominal, (Body size source: http://www.tortai-tech.com/upload/download/2011102023233369053.pdf), generated with kicad-footprint-generator")
    (tags resistor)
    (path /5D5B1705/5D759625)
    (attr smd)
    (fp_text reference R28 (at 0 -1.43) (layer F.SilkS)
      (effects (font (size 1 1) (thickness 0.15)))
    )
    (fp_text value 100K (at 0 1.43) (layer F.Fab)
      (effects (font (size 1 1) (thickness 0.15)))
    )
    (fp_text user %R (at 0 0) (layer F.Fab)
      (effects (font (size 0.4 0.4) (thickness 0.06)))
    )
    (fp_line (start 1.48 0.73) (end -1.48 0.73) (layer F.CrtYd) (width 0.05))
    (fp_line (start 1.48 -0.73) (end 1.48 0.73) (layer F.CrtYd) (width 0.05))
    (fp_line (start -1.48 -0.73) (end 1.48 -0.73) (layer F.CrtYd) (width 0.05))
    (fp_line (start -1.48 0.73) (end -1.48 -0.73) (layer F.CrtYd) (width 0.05))
    (fp_line (start -0.162779 0.51) (end 0.162779 0.51) (layer F.SilkS) (width 0.12))
    (fp_line (start -0.162779 -0.51) (end 0.162779 -0.51) (layer F.SilkS) (width 0.12))
    (fp_line (start 0.8 0.4) (end -0.8 0.4) (layer F.Fab) (width 0.1))
    (fp_line (start 0.8 -0.4) (end 0.8 0.4) (layer F.Fab) (width 0.1))
    (fp_line (start -0.8 -0.4) (end 0.8 -0.4) (layer F.Fab) (width 0.1))
    (fp_line (start -0.8 0.4) (end -0.8 -0.4) (layer F.Fab) (width 0.1))
    (pad 2 smd roundrect (at 0.7875 0 180) (size 0.875 0.95) (layers F.Cu F.Paste F.Mask) (roundrect_rratio 0.25)
      (net 64 /MCU/MCU_PB08))
    (pad 1 smd roundrect (at -0.7875 0 180) (size 0.875 0.95) (layers F.Cu F.Paste F.Mask) (roundrect_rratio 0.25)
      (net 47 Vdrive))
    (model ${KISYS3DMOD}/Resistor_SMD.3dshapes/R_0603_1608Metric.wrl
      (at (xyz 0 0 0))
      (scale (xyz 1 1 1))
      (rotate (xyz 0 0 0))
    )
  )

  (module Resistor_SMD:R_0603_1608Metric (layer F.Cu) (tedit 5B301BBD) (tstamp 5D7C0159)
    (at 94.234 87.503 270)
    (descr "Resistor SMD 0603 (1608 Metric), square (rectangular) end terminal, IPC_7351 nominal, (Body size source: http://www.tortai-tech.com/upload/download/2011102023233369053.pdf), generated with kicad-footprint-generator")
    (tags resistor)
    (path /5D6468D5/5D6A6316)
    (attr smd)
    (fp_text reference R6 (at 0 -1.43 90) (layer F.SilkS)
      (effects (font (size 1 1) (thickness 0.15)))
    )
    (fp_text value 27K (at 0 1.43 90) (layer F.Fab)
      (effects (font (size 1 1) (thickness 0.15)))
    )
    (fp_line (start -0.8 0.4) (end -0.8 -0.4) (layer F.Fab) (width 0.1))
    (fp_line (start -0.8 -0.4) (end 0.8 -0.4) (layer F.Fab) (width 0.1))
    (fp_line (start 0.8 -0.4) (end 0.8 0.4) (layer F.Fab) (width 0.1))
    (fp_line (start 0.8 0.4) (end -0.8 0.4) (layer F.Fab) (width 0.1))
    (fp_line (start -0.162779 -0.51) (end 0.162779 -0.51) (layer F.SilkS) (width 0.12))
    (fp_line (start -0.162779 0.51) (end 0.162779 0.51) (layer F.SilkS) (width 0.12))
    (fp_line (start -1.48 0.73) (end -1.48 -0.73) (layer F.CrtYd) (width 0.05))
    (fp_line (start -1.48 -0.73) (end 1.48 -0.73) (layer F.CrtYd) (width 0.05))
    (fp_line (start 1.48 -0.73) (end 1.48 0.73) (layer F.CrtYd) (width 0.05))
    (fp_line (start 1.48 0.73) (end -1.48 0.73) (layer F.CrtYd) (width 0.05))
    (fp_text user %R (at 0 0 90) (layer F.Fab)
      (effects (font (size 0.4 0.4) (thickness 0.06)))
    )
    (pad 1 smd roundrect (at -0.7875 0 270) (size 0.875 0.95) (layers F.Cu F.Paste F.Mask) (roundrect_rratio 0.25)
      (net 60 /MCU/MCU_PA04))
    (pad 2 smd roundrect (at 0.7875 0 270) (size 0.875 0.95) (layers F.Cu F.Paste F.Mask) (roundrect_rratio 0.25)
      (net 1 GND))
    (model ${KISYS3DMOD}/Resistor_SMD.3dshapes/R_0603_1608Metric.wrl
      (at (xyz 0 0 0))
      (scale (xyz 1 1 1))
      (rotate (xyz 0 0 0))
    )
  )

  (module Resistor_SMD:R_0603_1608Metric (layer F.Cu) (tedit 5B301BBD) (tstamp 5D7CAF27)
    (at 97.3835 91.44 180)
    (descr "Resistor SMD 0603 (1608 Metric), square (rectangular) end terminal, IPC_7351 nominal, (Body size source: http://www.tortai-tech.com/upload/download/2011102023233369053.pdf), generated with kicad-footprint-generator")
    (tags resistor)
    (path /5D5B1705/5D75961B)
    (attr smd)
    (fp_text reference R29 (at 0 -1.43) (layer F.SilkS)
      (effects (font (size 1 1) (thickness 0.15)))
    )
    (fp_text value 100K (at 0 1.43) (layer F.Fab)
      (effects (font (size 1 1) (thickness 0.15)))
    )
    (fp_line (start -0.8 0.4) (end -0.8 -0.4) (layer F.Fab) (width 0.1))
    (fp_line (start -0.8 -0.4) (end 0.8 -0.4) (layer F.Fab) (width 0.1))
    (fp_line (start 0.8 -0.4) (end 0.8 0.4) (layer F.Fab) (width 0.1))
    (fp_line (start 0.8 0.4) (end -0.8 0.4) (layer F.Fab) (width 0.1))
    (fp_line (start -0.162779 -0.51) (end 0.162779 -0.51) (layer F.SilkS) (width 0.12))
    (fp_line (start -0.162779 0.51) (end 0.162779 0.51) (layer F.SilkS) (width 0.12))
    (fp_line (start -1.48 0.73) (end -1.48 -0.73) (layer F.CrtYd) (width 0.05))
    (fp_line (start -1.48 -0.73) (end 1.48 -0.73) (layer F.CrtYd) (width 0.05))
    (fp_line (start 1.48 -0.73) (end 1.48 0.73) (layer F.CrtYd) (width 0.05))
    (fp_line (start 1.48 0.73) (end -1.48 0.73) (layer F.CrtYd) (width 0.05))
    (fp_text user %R (at 0 0) (layer F.Fab)
      (effects (font (size 0.4 0.4) (thickness 0.06)))
    )
    (pad 1 smd roundrect (at -0.7875 0 180) (size 0.875 0.95) (layers F.Cu F.Paste F.Mask) (roundrect_rratio 0.25)
      (net 64 /MCU/MCU_PB08))
    (pad 2 smd roundrect (at 0.7875 0 180) (size 0.875 0.95) (layers F.Cu F.Paste F.Mask) (roundrect_rratio 0.25)
      (net 1 GND))
    (model ${KISYS3DMOD}/Resistor_SMD.3dshapes/R_0603_1608Metric.wrl
      (at (xyz 0 0 0))
      (scale (xyz 1 1 1))
      (rotate (xyz 0 0 0))
    )
  )

  (module Connector_PinHeader_2.54mm:PinHeader_1x05_P2.54mm_Vertical (layer F.Cu) (tedit 59FED5CC) (tstamp 5D7C003D)
