(kicad_pcb (version 20171130) (host pcbnew "(5.1.2)-1")

  (general
    (thickness 1.6)
    (drawings 16)
    (tracks 1148)
    (zones 0)
    (modules 89)
    (nets 71)
  )

  (page A4)
  (layers
    (0 F.Cu signal)
    (1 GND.Cu power hide)
    (2 VCC.Cu power hide)
    (31 B.Cu signal)
    (32 B.Adhes user)
    (33 F.Adhes user)
    (34 B.Paste user hide)
    (35 F.Paste user hide)
    (36 B.SilkS user hide)
    (37 F.SilkS user hide)
    (38 B.Mask user hide)
    (39 F.Mask user hide)
    (40 Dwgs.User user hide)
    (41 Cmts.User user hide)
    (42 Eco1.User user hide)
    (43 Eco2.User user hide)
    (44 Edge.Cuts user)
    (45 Margin user)
    (46 B.CrtYd user)
    (47 F.CrtYd user)
    (48 B.Fab user)
    (49 F.Fab user hide)
  )

  (setup
    (last_trace_width 0.25)
    (user_trace_width 0.2933)
    (user_trace_width 2)
    (user_trace_width 5)
    (trace_clearance 0.2)
    (zone_clearance 0.508)
    (zone_45_only no)
    (trace_min 0.2)
    (via_size 0.8)
    (via_drill 0.4)
    (via_min_size 0.4)
    (via_min_drill 0.3)
    (uvia_size 0.3)
    (uvia_drill 0.1)
    (uvias_allowed no)
    (uvia_min_size 0.2)
    (uvia_min_drill 0.1)
    (edge_width 0.05)
    (segment_width 0.2)
    (pcb_text_width 0.3)
    (pcb_text_size 1.5 1.5)
    (mod_edge_width 0.12)
    (mod_text_size 1 1)
    (mod_text_width 0.15)
    (pad_size 1.524 1.524)
    (pad_drill 0.762)
    (pad_to_mask_clearance 0.051)
    (solder_mask_min_width 0.25)
    (aux_axis_origin 0 0)
    (visible_elements 7FFFFFFF)
    (pcbplotparams
      (layerselection 0x010fc_ffffffff)
      (usegerberextensions false)
      (usegerberattributes false)
      (usegerberadvancedattributes false)
      (creategerberjobfile false)
      (excludeedgelayer true)
      (linewidth 0.100000)
      (plotframeref false)
      (viasonmask false)
      (mode 1)
      (useauxorigin false)
      (hpglpennumber 1)
      (hpglpenspeed 20)
      (hpglpendiameter 15.000000)
      (psnegative false)
      (psa4output false)
      (plotreference true)
      (plotvalue true)
      (plotinvisibletext false)
      (padsonsilk false)
      (subtractmaskfromsilk false)
      (outputformat 1)
      (mirror false)
      (drillshape 1)
      (scaleselection 1)
      (outputdirectory ""))
  )

  (net 0 "")
  (net 1 GND)
  (net 2 +3V3)
  (net 3 "Net-(C2-Pad1)")
  (net 4 "Net-(C20-Pad2)")
  (net 5 "Net-(C20-Pad1)")
  (net 6 /MCU/XIN)
  (net 7 /MCU/XOUT)
  (net 8 "Net-(C89-Pad1)")
  (net 9 "Net-(C90-Pad1)")
  (net 10 /MCU/SWCLK)
  (net 11 /MCU/SWDIO)
  (net 12 /MCU/USB_DM)
  (net 13 /pyro_driver/FIRE_A)
  (net 14 /pyro_driver/FIRE_B)
  (net 15 /pyro_driver/FET_B)
  (net 16 /MCU/MCU_SCLK1)
  (net 17 /MCU/MCU_MISO1)
  (net 18 /MCU/MCU_MOSI1)
  (net 19 /MCU/MCU_NSEL1)
  (net 20 /gps/GPS_RXD)
  (net 21 /gps/GPS_1PPS)
  (net 22 /gps/GPS_NRES)
  (net 23 /gps/GPS_SDA)
  (net 24 /gps/GPS_SCL)
  (net 25 /gps/GPS_NSAFEBOOT)
  (net 26 /MCU/MCU_NSEL4)
  (net 27 /MCU/MCU_MISO4)
  (net 28 /MCU/MCU_MOSI4)
  (net 29 /MCU/MCU_SCLK4)
  (net 30 /sensors/ACCL_RDY)
  (net 31 /sensors/GYRO_RDY)
  (net 32 "Net-(C30-Pad1)")
  (net 33 "Net-(D1-Pad2)")
  (net 34 "Net-(D2-Pad2)")
  (net 35 /power_supply/USB_DM)
  (net 36 /pyro_driver/FET_A)
  (net 37 /pyro_driver/FIRE_C)
  (net 38 /pyro_driver/FIRE_D)
  (net 39 /pyro_driver/FET_C)
  (net 40 /pyro_driver/FET_D)
  (net 41 /MCU/LED_RED)
  (net 42 /MCU/LED_BLUE)
  (net 43 /sensors/MAG_RDY)
  (net 44 "Net-(C9-Pad2)")
  (net 45 "Net-(C34-Pad1)")
  (net 46 "Net-(C35-Pad1)")
  (net 47 Vdrive)
  (net 48 "Net-(C8-Pad1)")
  (net 49 "Net-(C9-Pad1)")
  (net 50 "Net-(J6-Pad1)")
  (net 51 "Net-(L8-Pad1)")
  (net 52 "Net-(R2-Pad2)")
  (net 53 "Net-(U2-Pad7)")
  (net 54 "Net-(U2-Pad8)")
  (net 55 VBUS)
  (net 56 "Net-(J2-Pad2)")
  (net 57 "Net-(J2-Pad3)")
  (net 58 "Net-(ANT1-Pad1)")
  (net 59 /MCU/BUZZER)
  (net 60 /MCU/MCU_PA04)
  (net 61 /MCU/MCU_PA05)
  (net 62 /MCU/MCU_PA06)
  (net 63 /MCU/MCU_PA07)
  (net 64 /MCU/MCU_PB08)
  (net 65 /MCU/MCU_PB11)
  (net 66 /MCU/MCU_PA12)
  (net 67 /MCU/MCU_PA13)
  (net 68 /MCU/GPS_RXD0)
  (net 69 /MCU/MCU_PB10)
  (net 70 "Net-(J7-Pad1)")

  (net_class Default "This is the default net class."
    (clearance 0.2)
    (trace_width 0.25)
    (via_dia 0.8)
    (via_drill 0.4)
    (uvia_dia 0.3)
    (uvia_drill 0.1)
    (add_net +3V3)
    (add_net /MCU/BUZZER)
    (add_net /MCU/GPS_RXD0)
    (add_net /MCU/LED_BLUE)
    (add_net /MCU/LED_RED)
    (add_net /MCU/MCU_MISO1)
    (add_net /MCU/MCU_MISO4)
    (add_net /MCU/MCU_MOSI1)
    (add_net /MCU/MCU_MOSI4)
    (add_net /MCU/MCU_NSEL1)
    (add_net /MCU/MCU_NSEL4)
    (add_net /MCU/MCU_PA04)
    (add_net /MCU/MCU_PA05)
    (add_net /MCU/MCU_PA06)
    (add_net /MCU/MCU_PA07)
    (add_net /MCU/MCU_PA12)
    (add_net /MCU/MCU_PA13)
    (add_net /MCU/MCU_PB08)
    (add_net /MCU/MCU_PB10)
    (add_net /MCU/MCU_PB11)
    (add_net /MCU/MCU_SCLK1)
    (add_net /MCU/MCU_SCLK4)
    (add_net /MCU/SWCLK)
    (add_net /MCU/SWDIO)
    (add_net /MCU/USB_DM)
    (add_net /MCU/XIN)
    (add_net /MCU/XOUT)
    (add_net /gps/GPS_1PPS)
    (add_net /gps/GPS_NRES)
    (add_net /gps/GPS_NSAFEBOOT)
    (add_net /gps/GPS_RXD)
    (add_net /gps/GPS_SCL)
    (add_net /gps/GPS_SDA)
    (add_net /power_supply/USB_DM)
    (add_net /pyro_driver/FET_A)
    (add_net /pyro_driver/FET_B)
    (add_net /pyro_driver/FET_C)
    (add_net /pyro_driver/FET_D)
    (add_net /pyro_driver/FIRE_A)
    (add_net /pyro_driver/FIRE_B)
    (add_net /pyro_driver/FIRE_C)
    (add_net /pyro_driver/FIRE_D)
    (add_net /sensors/ACCL_RDY)
    (add_net /sensors/GYRO_RDY)
    (add_net /sensors/MAG_RDY)
    (add_net GND)
    (add_net "Net-(ANT1-Pad1)")
    (add_net "Net-(C2-Pad1)")
    (add_net "Net-(C20-Pad1)")
    (add_net "Net-(C20-Pad2)")
    (add_net "Net-(C30-Pad1)")
    (add_net "Net-(C34-Pad1)")
    (add_net "Net-(C35-Pad1)")
    (add_net "Net-(C8-Pad1)")
    (add_net "Net-(C89-Pad1)")
    (add_net "Net-(C9-Pad1)")
    (add_net "Net-(C9-Pad2)")
    (add_net "Net-(C90-Pad1)")
    (add_net "Net-(D1-Pad2)")
    (add_net "Net-(D2-Pad2)")
    (add_net "Net-(J2-Pad2)")
    (add_net "Net-(J2-Pad3)")
    (add_net "Net-(J6-Pad1)")
    (add_net "Net-(J7-Pad1)")
    (add_net "Net-(L8-Pad1)")
    (add_net "Net-(R2-Pad2)")
    (add_net "Net-(U2-Pad7)")
    (add_net "Net-(U2-Pad8)")
    (add_net VBUS)
    (add_net Vdrive)
  )

  (module MountingHole:MountingHole_3.2mm_M3_Pad (layer F.Cu) (tedit 56D1B4CB) (tstamp 5D81B50C)
    (at 278.257 250.063 270)
    (descr "Mounting Hole 3.2mm, M3")
    (tags "mounting hole 3.2mm m3")
    (path /5D5B15F7/5D7F7FA5)
    (attr virtual)
    (fp_text reference H2 (at 0 -4.2 90) (layer F.SilkS)
      (effects (font (size 1 1) (thickness 0.15)))
    )
    (fp_text value MountingHole_Pad (at 0 4.2 90) (layer F.Fab)
      (effects (font (size 1 1) (thickness 0.15)))
    )
    (fp_text user %R (at 0.3 0 90) (layer F.Fab)
      (effects (font (size 1 1) (thickness 0.15)))
    )
    (fp_circle (center 0 0) (end 3.2 0) (layer Cmts.User) (width 0.15))
    (fp_circle (center 0 0) (end 3.45 0) (layer F.CrtYd) (width 0.05))
    (pad 1 thru_hole circle (at 0 0 270) (size 6.4 6.4) (drill 3.2) (layers *.Cu *.Mask)
      (net 1 GND))
  )

  (module Resistor_SMD:R_0603_1608Metric (layer F.Cu) (tedit 5B301BBD) (tstamp 5D7C01DF)
    (at 276.352 277.622 270)
    (descr "Resistor SMD 0603 (1608 Metric), square (rectangular) end terminal, IPC_7351 nominal, (Body size source: http://www.tortai-tech.com/upload/download/2011102023233369053.pdf), generated with kicad-footprint-generator")
    (tags resistor)
    (path /5D6468D5/5D7DA5AC)
    (attr smd)
    (fp_text reference R21 (at 0 -1.43 90) (layer F.SilkS)
      (effects (font (size 1 1) (thickness 0.15)))
    )
    (fp_text value 100K (at 0 1.43 90) (layer F.Fab)
      (effects (font (size 1 1) (thickness 0.15)))
    )
    (fp_text user %R (at 0 0 90) (layer F.Fab)
      (effects (font (size 0.4 0.4) (thickness 0.06)))
    )
    (fp_line (start 1.48 0.73) (end -1.48 0.73) (layer F.CrtYd) (width 0.05))
    (fp_line (start 1.48 -0.73) (end 1.48 0.73) (layer F.CrtYd) (width 0.05))
    (fp_line (start -1.48 -0.73) (end 1.48 -0.73) (layer F.CrtYd) (width 0.05))
    (fp_line (start -1.48 0.73) (end -1.48 -0.73) (layer F.CrtYd) (width 0.05))
    (fp_line (start -0.162779 0.51) (end 0.162779 0.51) (layer F.SilkS) (width 0.12))
    (fp_line (start -0.162779 -0.51) (end 0.162779 -0.51) (layer F.SilkS) (width 0.12))
    (fp_line (start 0.8 0.4) (end -0.8 0.4) (layer F.Fab) (width 0.1))
    (fp_line (start 0.8 -0.4) (end 0.8 0.4) (layer F.Fab) (width 0.1))
    (fp_line (start -0.8 -0.4) (end 0.8 -0.4) (layer F.Fab) (width 0.1))
    (fp_line (start -0.8 0.4) (end -0.8 -0.4) (layer F.Fab) (width 0.1))
    (pad 2 smd roundrect (at 0.7875 0 270) (size 0.875 0.95) (layers F.Cu F.Paste F.Mask) (roundrect_rratio 0.25)
      (net 39 /pyro_driver/FET_C))
    (pad 1 smd roundrect (at -0.7875 0 270) (size 0.875 0.95) (layers F.Cu F.Paste F.Mask) (roundrect_rratio 0.25)
      (net 62 /MCU/MCU_PA06))
    (model ${KISYS3DMOD}/Resistor_SMD.3dshapes/R_0603_1608Metric.wrl
      (at (xyz 0 0 0))
      (scale (xyz 1 1 1))
      (rotate (xyz 0 0 0))
    )
  )

  (module Resistor_SMD:R_0603_1608Metric (layer F.Cu) (tedit 5B301BBD) (tstamp 5D7C0201)
    (at 277.876 277.622 270)
    (descr "Resistor SMD 0603 (1608 Metric), square (rectangular) end terminal, IPC_7351 nominal, (Body size source: http://www.tortai-tech.com/upload/download/2011102023233369053.pdf), generated with kicad-footprint-generator")
    (tags resistor)
    (path /5D6468D5/5D7DA5B6)
    (attr smd)
    (fp_text reference R23 (at 0 -1.43 90) (layer F.SilkS)
      (effects (font (size 1 1) (thickness 0.15)))
    )
    (fp_text value 27K (at 0 1.43 90) (layer F.Fab)
      (effects (font (size 1 1) (thickness 0.15)))
    )
    (fp_line (start -0.8 0.4) (end -0.8 -0.4) (layer F.Fab) (width 0.1))
    (fp_line (start -0.8 -0.4) (end 0.8 -0.4) (layer F.Fab) (width 0.1))
    (fp_line (start 0.8 -0.4) (end 0.8 0.4) (layer F.Fab) (width 0.1))
    (fp_line (start 0.8 0.4) (end -0.8 0.4) (layer F.Fab) (width 0.1))
    (fp_line (start -0.162779 -0.51) (end 0.162779 -0.51) (layer F.SilkS) (width 0.12))
    (fp_line (start -0.162779 0.51) (end 0.162779 0.51) (layer F.SilkS) (width 0.12))
    (fp_line (start -1.48 0.73) (end -1.48 -0.73) (layer F.CrtYd) (width 0.05))
    (fp_line (start -1.48 -0.73) (end 1.48 -0.73) (layer F.CrtYd) (width 0.05))
    (fp_line (start 1.48 -0.73) (end 1.48 0.73) (layer F.CrtYd) (width 0.05))
    (fp_line (start 1.48 0.73) (end -1.48 0.73) (layer F.CrtYd) (width 0.05))
    (fp_text user %R (at 0 0 90) (layer F.Fab)
      (effects (font (size 0.4 0.4) (thickness 0.06)))
    )
    (pad 1 smd roundrect (at -0.7875 0 270) (size 0.875 0.95) (layers F.Cu F.Paste F.Mask) (roundrect_rratio 0.25)
      (net 62 /MCU/MCU_PA06))
    (pad 2 smd roundrect (at 0.7875 0 270) (size 0.875 0.95) (layers F.Cu F.Paste F.Mask) (roundrect_rratio 0.25)
      (net 1 GND))
    (model ${KISYS3DMOD}/Resistor_SMD.3dshapes/R_0603_1608Metric.wrl
      (at (xyz 0 0 0))
      (scale (xyz 1 1 1))
      (rotate (xyz 0 0 0))
    )
  )

  (module Resistor_SMD:R_0603_1608Metric (layer F.Cu) (tedit 5B301BBD) (tstamp 5D7CD231)
    (at 275.844 268.351 270)
    (descr "Resistor SMD 0603 (1608 Metric), square (rectangular) end terminal, IPC_7351 nominal, (Body size source: http://www.tortai-tech.com/upload/download/2011102023233369053.pdf), generated with kicad-footprint-generator")
    (tags resistor)
    (path /5D6468D5/5D7DA611)
    (attr smd)
    (fp_text reference R22 (at 0 -1.43 90) (layer F.SilkS)
      (effects (font (size 1 1) (thickness 0.15)))
    )
    (fp_text value 100K (at 0 1.43 90) (layer F.Fab)
      (effects (font (size 1 1) (thickness 0.15)))
    )
    (fp_line (start -0.8 0.4) (end -0.8 -0.4) (layer F.Fab) (width 0.1))
    (fp_line (start -0.8 -0.4) (end 0.8 -0.4) (layer F.Fab) (width 0.1))
    (fp_line (start 0.8 -0.4) (end 0.8 0.4) (layer F.Fab) (width 0.1))
    (fp_line (start 0.8 0.4) (end -0.8 0.4) (layer F.Fab) (width 0.1))
    (fp_line (start -0.162779 -0.51) (end 0.162779 -0.51) (layer F.SilkS) (width 0.12))
    (fp_line (start -0.162779 0.51) (end 0.162779 0.51) (layer F.SilkS) (width 0.12))
    (fp_line (start -1.48 0.73) (end -1.48 -0.73) (layer F.CrtYd) (width 0.05))
    (fp_line (start -1.48 -0.73) (end 1.48 -0.73) (layer F.CrtYd) (width 0.05))
    (fp_line (start 1.48 -0.73) (end 1.48 0.73) (layer F.CrtYd) (width 0.05))
    (fp_line (start 1.48 0.73) (end -1.48 0.73) (layer F.CrtYd) (width 0.05))
    (fp_text user %R (at 0 0 90) (layer F.Fab)
      (effects (font (size 0.4 0.4) (thickness 0.06)))
    )
    (pad 1 smd roundrect (at -0.7875 0 270) (size 0.875 0.95) (layers F.Cu F.Paste F.Mask) (roundrect_rratio 0.25)
      (net 63 /MCU/MCU_PA07))
    (pad 2 smd roundrect (at 0.7875 0 270) (size 0.875 0.95) (layers F.Cu F.Paste F.Mask) (roundrect_rratio 0.25)
      (net 40 /pyro_driver/FET_D))
    (model ${KISYS3DMOD}/Resistor_SMD.3dshapes/R_0603_1608Metric.wrl
      (at (xyz 0 0 0))
      (scale (xyz 1 1 1))
      (rotate (xyz 0 0 0))
    )
  )

  (module Resistor_SMD:R_0603_1608Metric (layer F.Cu) (tedit 5B301BBD) (tstamp 5D7C0212)
    (at 278.13 267.589)
    (descr "Resistor SMD 0603 (1608 Metric), square (rectangular) end terminal, IPC_7351 nominal, (Body size source: http://www.tortai-tech.com/upload/download/2011102023233369053.pdf), generated with kicad-footprint-generator")
    (tags resistor)
    (path /5D6468D5/5D7DA61B)
    (attr smd)
    (fp_text reference R24 (at 0 -1.43) (layer F.SilkS)
      (effects (font (size 1 1) (thickness 0.15)))
    )
    (fp_text value 27K (at 0 1.43) (layer F.Fab)
      (effects (font (size 1 1) (thickness 0.15)))
    )
    (fp_text user %R (at 0 0) (layer F.Fab)
      (effects (font (size 0.4 0.4) (thickness 0.06)))
    )
    (fp_line (start 1.48 0.73) (end -1.48 0.73) (layer F.CrtYd) (width 0.05))
    (fp_line (start 1.48 -0.73) (end 1.48 0.73) (layer F.CrtYd) (width 0.05))
    (fp_line (start -1.48 -0.73) (end 1.48 -0.73) (layer F.CrtYd) (width 0.05))
    (fp_line (start -1.48 0.73) (end -1.48 -0.73) (layer F.CrtYd) (width 0.05))
    (fp_line (start -0.162779 0.51) (end 0.162779 0.51) (layer F.SilkS) (width 0.12))
    (fp_line (start -0.162779 -0.51) (end 0.162779 -0.51) (layer F.SilkS) (width 0.12))
    (fp_line (start 0.8 0.4) (end -0.8 0.4) (layer F.Fab) (width 0.1))
    (fp_line (start 0.8 -0.4) (end 0.8 0.4) (layer F.Fab) (width 0.1))
    (fp_line (start -0.8 -0.4) (end 0.8 -0.4) (layer F.Fab) (width 0.1))
    (fp_line (start -0.8 0.4) (end -0.8 -0.4) (layer F.Fab) (width 0.1))
    (pad 2 smd roundrect (at 0.7875 0) (size 0.875 0.95) (layers F.Cu F.Paste F.Mask) (roundrect_rratio 0.25)
      (net 1 GND))
    (pad 1 smd roundrect (at -0.7875 0) (size 0.875 0.95) (layers F.Cu F.Paste F.Mask) (roundrect_rratio 0.25)
      (net 63 /MCU/MCU_PA07))
    (model ${KISYS3DMOD}/Resistor_SMD.3dshapes/R_0603_1608Metric.wrl
      (at (xyz 0 0 0))
      (scale (xyz 1 1 1))
      (rotate (xyz 0 0 0))
    )
  )

  (module Package_SO:Vishay_PowerPAK_1212-8_Dual (layer F.Cu) (tedit 5BD8D167) (tstamp 5D7C62CF)
    (at 278.0525 271.6805 180)
    (descr "PowerPAK 1212-8 Dual (https://www.vishay.com/docs/71656/ppak12128.pdf, https://www.vishay.com/docs/72598/72598.pdf)")
    (tags Vishay_PowerPAK_1212-8_Dual)
    (path /5D6468D5/5D7DA5FD)
    (attr smd)
    (fp_text reference U5 (at 0 -2.7) (layer F.SilkS)
      (effects (font (size 1 1) (thickness 0.15)))
    )
    (fp_text value Si7232DN (at 0 2.7) (layer F.Fab)
      (effects (font (size 1 1) (thickness 0.15)))
    )
    (fp_text user %R (at 0 0) (layer F.Fab)
      (effects (font (size 0.7 0.7) (thickness 0.105)))
    )
    (fp_line (start -0.8 -1.525) (end 1.525 -1.525) (layer F.Fab) (width 0.1))
    (fp_line (start 1.525 -1.525) (end 1.525 1.525) (layer F.Fab) (width 0.1))
    (fp_line (start -1.525 1.525) (end 1.525 1.525) (layer F.Fab) (width 0.1))
    (fp_line (start -1.525 -0.8) (end -1.525 1.525) (layer F.Fab) (width 0.1))
    (fp_line (start -1.87 -1.635) (end 1.635 -1.635) (layer F.SilkS) (width 0.12))
    (fp_line (start -1.635 1.645) (end 1.635 1.645) (layer F.SilkS) (width 0.12))
    (fp_line (start -2.18 -1.78) (end -2.18 1.78) (layer F.CrtYd) (width 0.05))
    (fp_line (start -2.18 1.78) (end 2.18 1.78) (layer F.CrtYd) (width 0.05))
    (fp_line (start 2.18 -1.78) (end 2.18 1.78) (layer F.CrtYd) (width 0.05))
    (fp_line (start -2.18 -1.78) (end 2.18 -1.78) (layer F.CrtYd) (width 0.05))
    (fp_line (start -1.525 -0.8) (end -0.8 -1.525) (layer F.Fab) (width 0.1))
    (fp_line (start -1.635 1.3) (end -1.635 1.635) (layer F.SilkS) (width 0.12))
    (fp_line (start 1.635 1.3) (end 1.635 1.635) (layer F.SilkS) (width 0.12))
    (fp_line (start 1.635 -1.635) (end 1.635 -1.3) (layer F.SilkS) (width 0.12))
    (pad 1 smd rect (at -1.435 -0.99 180) (size 0.99 0.405) (layers F.Cu F.Paste F.Mask)
      (net 1 GND))
    (pad 2 smd rect (at -1.435 -0.33 180) (size 0.99 0.405) (layers F.Cu F.Paste F.Mask)
      (net 37 /pyro_driver/FIRE_C))
    (pad 3 smd rect (at -1.435 0.33 180) (size 0.99 0.405) (layers F.Cu F.Paste F.Mask)
      (net 1 GND))
    (pad 4 smd rect (at -1.435 0.99 180) (size 0.99 0.405) (layers F.Cu F.Paste F.Mask)
      (net 38 /pyro_driver/FIRE_D))
    (pad 5 smd custom (at 0.5575 0.6075 180) (size 1.725 0.99) (layers F.Cu F.Paste F.Mask)
      (net 40 /pyro_driver/FET_D) (zone_connect 2)
      (options (clearance outline) (anchor rect))
      (primitives
        (gr_poly (pts
           (xy 0.6125 -0.495) (xy 1.3725 -0.495) (xy 1.3725 -0.09) (xy 0.8625 -0.09) (xy 0.8625 0.165)
           (xy 1.3725 0.165) (xy 1.3725 0.5875) (xy 0.6125 0.5875)) (width 0))
      ))
    (pad 6 smd custom (at 0.5575 -0.6075 180) (size 1.725 0.99) (layers F.Cu F.Paste F.Mask)
      (net 39 /pyro_driver/FET_C) (zone_connect 2)
      (options (clearance outline) (anchor rect))
      (primitives
        (gr_poly (pts
           (xy 0.6125 0.495) (xy 1.3725 0.495) (xy 1.3725 0.09) (xy 0.8625 0.09) (xy 0.8625 -0.165)
           (xy 1.3725 -0.165) (xy 1.3725 -0.5875) (xy 0.6125 -0.5875)) (width 0))
      ))
    (model ${KISYS3DMOD}/Package_SO.3dshapes/Vishay_PowerPAK_1212-8_Dual.wrl
      (at (xyz 0 0 0))
      (scale (xyz 1 1 1))
      (rotate (xyz 0 0 0))
    )
  )

  (module Package_QFP:TQFP-64_10x10mm_P0.5mm (layer F.Cu) (tedit 5B56F227) (tstamp 5D718A22)
    (at 269.9275 290.85 180)
    (descr "TQFP, 64 Pin (http://www.microsemi.com/index.php?option=com_docman&task=doc_download&gid=131095), generated with kicad-footprint-generator ipc_qfp_generator.py")
    (tags "TQFP QFP")
    (path /5D5B15F7/5D748E67)
    (attr smd)
    (fp_text reference U11 (at 0 -7.35) (layer F.SilkS)
      (effects (font (size 1 1) (thickness 0.15)))
    )
    (fp_text value ATSAML21J18B-AUT (at 0 7.35) (layer F.Fab)
      (effects (font (size 1 1) (thickness 0.15)))
    )
    (fp_line (start -4.16 -5.11) (end -5.11 -5.11) (layer F.SilkS) (width 0.12))
    (fp_line (start -5.11 -5.11) (end -5.11 -4.16) (layer F.SilkS) (width 0.12))
    (fp_line (start 4.16 -5.11) (end 5.11 -5.11) (layer F.SilkS) (width 0.12))
    (fp_line (start 5.11 -5.11) (end 5.11 -4.16) (layer F.SilkS) (width 0.12))
    (fp_line (start -4.16 5.11) (end -5.11 5.11) (layer F.SilkS) (width 0.12))
    (fp_line (start -5.11 5.11) (end -5.11 4.16) (layer F.SilkS) (width 0.12))
    (fp_line (start 4.16 5.11) (end 5.11 5.11) (layer F.SilkS) (width 0.12))
    (fp_line (start 5.11 5.11) (end 5.11 4.16) (layer F.SilkS) (width 0.12))
    (fp_line (start -5.11 -4.16) (end -6.4 -4.16) (layer F.SilkS) (width 0.12))
    (fp_line (start -4 -5) (end 5 -5) (layer F.Fab) (width 0.1))
    (fp_line (start 5 -5) (end 5 5) (layer F.Fab) (width 0.1))
    (fp_line (start 5 5) (end -5 5) (layer F.Fab) (width 0.1))
    (fp_line (start -5 5) (end -5 -4) (layer F.Fab) (width 0.1))
    (fp_line (start -5 -4) (end -4 -5) (layer F.Fab) (width 0.1))
    (fp_line (start 0 -6.65) (end -4.15 -6.65) (layer F.CrtYd) (width 0.05))
    (fp_line (start -4.15 -6.65) (end -4.15 -5.25) (layer F.CrtYd) (width 0.05))
    (fp_line (start -4.15 -5.25) (end -5.25 -5.25) (layer F.CrtYd) (width 0.05))
    (fp_line (start -5.25 -5.25) (end -5.25 -4.15) (layer F.CrtYd) (width 0.05))
    (fp_line (start -5.25 -4.15) (end -6.65 -4.15) (layer F.CrtYd) (width 0.05))
    (fp_line (start -6.65 -4.15) (end -6.65 0) (layer F.CrtYd) (width 0.05))
    (fp_line (start 0 -6.65) (end 4.15 -6.65) (layer F.CrtYd) (width 0.05))
    (fp_line (start 4.15 -6.65) (end 4.15 -5.25) (layer F.CrtYd) (width 0.05))
    (fp_line (start 4.15 -5.25) (end 5.25 -5.25) (layer F.CrtYd) (width 0.05))
    (fp_line (start 5.25 -5.25) (end 5.25 -4.15) (layer F.CrtYd) (width 0.05))
    (fp_line (start 5.25 -4.15) (end 6.65 -4.15) (layer F.CrtYd) (width 0.05))
    (fp_line (start 6.65 -4.15) (end 6.65 0) (layer F.CrtYd) (width 0.05))
    (fp_line (start 0 6.65) (end -4.15 6.65) (layer F.CrtYd) (width 0.05))
    (fp_line (start -4.15 6.65) (end -4.15 5.25) (layer F.CrtYd) (width 0.05))
    (fp_line (start -4.15 5.25) (end -5.25 5.25) (layer F.CrtYd) (width 0.05))
    (fp_line (start -5.25 5.25) (end -5.25 4.15) (layer F.CrtYd) (width 0.05))
    (fp_line (start -5.25 4.15) (end -6.65 4.15) (layer F.CrtYd) (width 0.05))
    (fp_line (start -6.65 4.15) (end -6.65 0) (layer F.CrtYd) (width 0.05))
    (fp_line (start 0 6.65) (end 4.15 6.65) (layer F.CrtYd) (width 0.05))
    (fp_line (start 4.15 6.65) (end 4.15 5.25) (layer F.CrtYd) (width 0.05))
    (fp_line (start 4.15 5.25) (end 5.25 5.25) (layer F.CrtYd) (width 0.05))
    (fp_line (start 5.25 5.25) (end 5.25 4.15) (layer F.CrtYd) (width 0.05))
    (fp_line (start 5.25 4.15) (end 6.65 4.15) (layer F.CrtYd) (width 0.05))
    (fp_line (start 6.65 4.15) (end 6.65 0) (layer F.CrtYd) (width 0.05))
    (fp_text user %R (at 0 0) (layer F.Fab)
      (effects (font (size 1 1) (thickness 0.15)))
    )
    (pad 1 smd roundrect (at -5.6625 -3.75 180) (size 1.475 0.3) (layers F.Cu F.Paste F.Mask) (roundrect_rratio 0.25)
      (net 59 /MCU/BUZZER))
    (pad 2 smd roundrect (at -5.6625 -3.25 180) (size 1.475 0.3) (layers F.Cu F.Paste F.Mask) (roundrect_rratio 0.25)
      (net 25 /gps/GPS_NSAFEBOOT))
    (pad 3 smd roundrect (at -5.6625 -2.75 180) (size 1.475 0.3) (layers F.Cu F.Paste F.Mask) (roundrect_rratio 0.25)
      (net 21 /gps/GPS_1PPS))
    (pad 4 smd roundrect (at -5.6625 -2.25 180) (size 1.475 0.3) (layers F.Cu F.Paste F.Mask) (roundrect_rratio 0.25)
      (net 22 /gps/GPS_NRES))
    (pad 5 smd roundrect (at -5.6625 -1.75 180) (size 1.475 0.3) (layers F.Cu F.Paste F.Mask) (roundrect_rratio 0.25))
    (pad 6 smd roundrect (at -5.6625 -1.25 180) (size 1.475 0.3) (layers F.Cu F.Paste F.Mask) (roundrect_rratio 0.25))
    (pad 7 smd roundrect (at -5.6625 -0.75 180) (size 1.475 0.3) (layers F.Cu F.Paste F.Mask) (roundrect_rratio 0.25)
      (net 1 GND))
    (pad 8 smd roundrect (at -5.6625 -0.25 180) (size 1.475 0.3) (layers F.Cu F.Paste F.Mask) (roundrect_rratio 0.25)
      (net 3 "Net-(C2-Pad1)"))
    (pad 9 smd roundrect (at -5.6625 0.25 180) (size 1.475 0.3) (layers F.Cu F.Paste F.Mask) (roundrect_rratio 0.25))
    (pad 10 smd roundrect (at -5.6625 0.75 180) (size 1.475 0.3) (layers F.Cu F.Paste F.Mask) (roundrect_rratio 0.25))
    (pad 11 smd roundrect (at -5.6625 1.25 180) (size 1.475 0.3) (layers F.Cu F.Paste F.Mask) (roundrect_rratio 0.25)
      (net 64 /MCU/MCU_PB08))
    (pad 12 smd roundrect (at -5.6625 1.75 180) (size 1.475 0.3) (layers F.Cu F.Paste F.Mask) (roundrect_rratio 0.25))
    (pad 13 smd roundrect (at -5.6625 2.25 180) (size 1.475 0.3) (layers F.Cu F.Paste F.Mask) (roundrect_rratio 0.25)
      (net 60 /MCU/MCU_PA04))
    (pad 14 smd roundrect (at -5.6625 2.75 180) (size 1.475 0.3) (layers F.Cu F.Paste F.Mask) (roundrect_rratio 0.25)
      (net 61 /MCU/MCU_PA05))
    (pad 15 smd roundrect (at -5.6625 3.25 180) (size 1.475 0.3) (layers F.Cu F.Paste F.Mask) (roundrect_rratio 0.25)
      (net 62 /MCU/MCU_PA06))
    (pad 16 smd roundrect (at -5.6625 3.75 180) (size 1.475 0.3) (layers F.Cu F.Paste F.Mask) (roundrect_rratio 0.25)
      (net 63 /MCU/MCU_PA07))
    (pad 17 smd roundrect (at -3.75 5.6625 180) (size 0.3 1.475) (layers F.Cu F.Paste F.Mask) (roundrect_rratio 0.25)
      (net 37 /pyro_driver/FIRE_C))
    (pad 18 smd roundrect (at -3.25 5.6625 180) (size 0.3 1.475) (layers F.Cu F.Paste F.Mask) (roundrect_rratio 0.25)
      (net 38 /pyro_driver/FIRE_D))
    (pad 19 smd roundrect (at -2.75 5.6625 180) (size 0.3 1.475) (layers F.Cu F.Paste F.Mask) (roundrect_rratio 0.25)
      (net 13 /pyro_driver/FIRE_A))
    (pad 20 smd roundrect (at -2.25 5.6625 180) (size 0.3 1.475) (layers F.Cu F.Paste F.Mask) (roundrect_rratio 0.25)
      (net 14 /pyro_driver/FIRE_B))
    (pad 21 smd roundrect (at -1.75 5.6625 180) (size 0.3 1.475) (layers F.Cu F.Paste F.Mask) (roundrect_rratio 0.25)
      (net 2 +3V3))
    (pad 22 smd roundrect (at -1.25 5.6625 180) (size 0.3 1.475) (layers F.Cu F.Paste F.Mask) (roundrect_rratio 0.25)
      (net 1 GND))
    (pad 23 smd roundrect (at -0.75 5.6625 180) (size 0.3 1.475) (layers F.Cu F.Paste F.Mask) (roundrect_rratio 0.25)
      (net 69 /MCU/MCU_PB10))
    (pad 24 smd roundrect (at -0.25 5.6625 180) (size 0.3 1.475) (layers F.Cu F.Paste F.Mask) (roundrect_rratio 0.25)
      (net 65 /MCU/MCU_PB11))
    (pad 25 smd roundrect (at 0.25 5.6625 180) (size 0.3 1.475) (layers F.Cu F.Paste F.Mask) (roundrect_rratio 0.25)
      (net 18 /MCU/MCU_MOSI1))
    (pad 26 smd roundrect (at 0.75 5.6625 180) (size 0.3 1.475) (layers F.Cu F.Paste F.Mask) (roundrect_rratio 0.25)
      (net 16 /MCU/MCU_SCLK1))
    (pad 27 smd roundrect (at 1.25 5.6625 180) (size 0.3 1.475) (layers F.Cu F.Paste F.Mask) (roundrect_rratio 0.25)
      (net 17 /MCU/MCU_MISO1))
    (pad 28 smd roundrect (at 1.75 5.6625 180) (size 0.3 1.475) (layers F.Cu F.Paste F.Mask) (roundrect_rratio 0.25)
      (net 19 /MCU/MCU_NSEL1))
    (pad 29 smd roundrect (at 2.25 5.6625 180) (size 0.3 1.475) (layers F.Cu F.Paste F.Mask) (roundrect_rratio 0.25)
      (net 66 /MCU/MCU_PA12))
    (pad 30 smd roundrect (at 2.75 5.6625 180) (size 0.3 1.475) (layers F.Cu F.Paste F.Mask) (roundrect_rratio 0.25)
      (net 67 /MCU/MCU_PA13))
    (pad 31 smd roundrect (at 3.25 5.6625 180) (size 0.3 1.475) (layers F.Cu F.Paste F.Mask) (roundrect_rratio 0.25)
      (net 6 /MCU/XIN))
    (pad 32 smd roundrect (at 3.75 5.6625 180) (size 0.3 1.475) (layers F.Cu F.Paste F.Mask) (roundrect_rratio 0.25)
      (net 7 /MCU/XOUT))
    (pad 33 smd roundrect (at 5.6625 3.75 180) (size 1.475 0.3) (layers F.Cu F.Paste F.Mask) (roundrect_rratio 0.25)
      (net 1 GND))
    (pad 34 smd roundrect (at 5.6625 3.25 180) (size 1.475 0.3) (layers F.Cu F.Paste F.Mask) (roundrect_rratio 0.25)
      (net 2 +3V3))
    (pad 35 smd roundrect (at 5.6625 2.75 180) (size 1.475 0.3) (layers F.Cu F.Paste F.Mask) (roundrect_rratio 0.25)
      (net 20 /gps/GPS_RXD))
    (pad 36 smd roundrect (at 5.6625 2.25 180) (size 1.475 0.3) (layers F.Cu F.Paste F.Mask) (roundrect_rratio 0.25)
      (net 68 /MCU/GPS_RXD0))
    (pad 37 smd roundrect (at 5.6625 1.75 180) (size 1.475 0.3) (layers F.Cu F.Paste F.Mask) (roundrect_rratio 0.25))
    (pad 38 smd roundrect (at 5.6625 1.25 180) (size 1.475 0.3) (layers F.Cu F.Paste F.Mask) (roundrect_rratio 0.25))
    (pad 39 smd roundrect (at 5.6625 0.75 180) (size 1.475 0.3) (layers F.Cu F.Paste F.Mask) (roundrect_rratio 0.25))
    (pad 40 smd roundrect (at 5.6625 0.25 180) (size 1.475 0.3) (layers F.Cu F.Paste F.Mask) (roundrect_rratio 0.25)
      (net 43 /sensors/MAG_RDY))
    (pad 41 smd roundrect (at 5.6625 -0.25 180) (size 1.475 0.3) (layers F.Cu F.Paste F.Mask) (roundrect_rratio 0.25)
      (net 30 /sensors/ACCL_RDY))
    (pad 42 smd roundrect (at 5.6625 -0.75 180) (size 1.475 0.3) (layers F.Cu F.Paste F.Mask) (roundrect_rratio 0.25)
      (net 31 /sensors/GYRO_RDY))
    (pad 43 smd roundrect (at 5.6625 -1.25 180) (size 1.475 0.3) (layers F.Cu F.Paste F.Mask) (roundrect_rratio 0.25)
      (net 23 /gps/GPS_SDA))
    (pad 44 smd roundrect (at 5.6625 -1.75 180) (size 1.475 0.3) (layers F.Cu F.Paste F.Mask) (roundrect_rratio 0.25)
      (net 24 /gps/GPS_SCL))
    (pad 45 smd roundrect (at 5.6625 -2.25 180) (size 1.475 0.3) (layers F.Cu F.Paste F.Mask) (roundrect_rratio 0.25)
      (net 12 /MCU/USB_DM))
    (pad 46 smd roundrect (at 5.6625 -2.75 180) (size 1.475 0.3) (layers F.Cu F.Paste F.Mask) (roundrect_rratio 0.25)
      (net 35 /power_supply/USB_DM))
    (pad 47 smd roundrect (at 5.6625 -3.25 180) (size 1.475 0.3) (layers F.Cu F.Paste F.Mask) (roundrect_rratio 0.25)
      (net 1 GND))
    (pad 48 smd roundrect (at 5.6625 -3.75 180) (size 1.475 0.3) (layers F.Cu F.Paste F.Mask) (roundrect_rratio 0.25)
      (net 2 +3V3))
    (pad 49 smd roundrect (at 3.75 -5.6625 180) (size 0.3 1.475) (layers F.Cu F.Paste F.Mask) (roundrect_rratio 0.25)
      (net 41 /MCU/LED_RED))
    (pad 50 smd roundrect (at 3.25 -5.6625 180) (size 0.3 1.475) (layers F.Cu F.Paste F.Mask) (roundrect_rratio 0.25)
      (net 42 /MCU/LED_BLUE))
    (pad 51 smd roundrect (at 2.75 -5.6625 180) (size 0.3 1.475) (layers F.Cu F.Paste F.Mask) (roundrect_rratio 0.25))
    (pad 52 smd roundrect (at 2.25 -5.6625 180) (size 0.3 1.475) (layers F.Cu F.Paste F.Mask) (roundrect_rratio 0.25)
      (net 8 "Net-(C89-Pad1)"))
    (pad 53 smd roundrect (at 1.75 -5.6625 180) (size 0.3 1.475) (layers F.Cu F.Paste F.Mask) (roundrect_rratio 0.25)
      (net 9 "Net-(C90-Pad1)"))
    (pad 54 smd roundrect (at 1.25 -5.6625 180) (size 0.3 1.475) (layers F.Cu F.Paste F.Mask) (roundrect_rratio 0.25)
      (net 1 GND))
    (pad 55 smd roundrect (at 0.75 -5.6625 180) (size 0.3 1.475) (layers F.Cu F.Paste F.Mask) (roundrect_rratio 0.25))
    (pad 56 smd roundrect (at 0.25 -5.6625 180) (size 0.3 1.475) (layers F.Cu F.Paste F.Mask) (roundrect_rratio 0.25)
      (net 2 +3V3))
    (pad 57 smd roundrect (at -0.25 -5.6625 180) (size 0.3 1.475) (layers F.Cu F.Paste F.Mask) (roundrect_rratio 0.25)
      (net 10 /MCU/SWCLK))
    (pad 58 smd roundrect (at -0.75 -5.6625 180) (size 0.3 1.475) (layers F.Cu F.Paste F.Mask) (roundrect_rratio 0.25)
      (net 11 /MCU/SWDIO))
    (pad 59 smd roundrect (at -1.25 -5.6625 180) (size 0.3 1.475) (layers F.Cu F.Paste F.Mask) (roundrect_rratio 0.25))
    (pad 60 smd roundrect (at -1.75 -5.6625 180) (size 0.3 1.475) (layers F.Cu F.Paste F.Mask) (roundrect_rratio 0.25))
    (pad 61 smd roundrect (at -2.25 -5.6625 180) (size 0.3 1.475) (layers F.Cu F.Paste F.Mask) (roundrect_rratio 0.25)
      (net 27 /MCU/MCU_MISO4))
    (pad 62 smd roundrect (at -2.75 -5.6625 180) (size 0.3 1.475) (layers F.Cu F.Paste F.Mask) (roundrect_rratio 0.25)
      (net 26 /MCU/MCU_NSEL4))
    (pad 63 smd roundrect (at -3.25 -5.6625 180) (size 0.3 1.475) (layers F.Cu F.Paste F.Mask) (roundrect_rratio 0.25)
      (net 28 /MCU/MCU_MOSI4))
    (pad 64 smd roundrect (at -3.75 -5.6625 180) (size 0.3 1.475) (layers F.Cu F.Paste F.Mask) (roundrect_rratio 0.25)
      (net 29 /MCU/MCU_SCLK4))
    (model ${KISYS3DMOD}/Package_QFP.3dshapes/TQFP-64_10x10mm_P0.5mm.wrl
      (at (xyz 0 0 0))
      (scale (xyz 1 1 1))
      (rotate (xyz 0 0 0))
    )
  )

  (module Package_SO:Vishay_PowerPAK_1212-8_Dual (layer F.Cu) (tedit 5BD8D167) (tstamp 5D7C62E8)
    (at 259.2845 274.1655)
    (descr "PowerPAK 1212-8 Dual (https://www.vishay.com/docs/71656/ppak12128.pdf, https://www.vishay.com/docs/72598/72598.pdf)")
    (tags Vishay_PowerPAK_1212-8_Dual)
    (path /5D6468D5/5D743B81)
    (attr smd)
    (fp_text reference U6 (at 0 -2.7) (layer F.SilkS)
      (effects (font (size 1 1) (thickness 0.15)))
    )
    (fp_text value Si7232DN (at 0 2.7) (layer F.Fab)
      (effects (font (size 1 1) (thickness 0.15)))
    )
    (fp_line (start 1.635 -1.635) (end 1.635 -1.3) (layer F.SilkS) (width 0.12))
    (fp_line (start 1.635 1.3) (end 1.635 1.635) (layer F.SilkS) (width 0.12))
    (fp_line (start -1.635 1.3) (end -1.635 1.635) (layer F.SilkS) (width 0.12))
    (fp_line (start -1.525 -0.8) (end -0.8 -1.525) (layer F.Fab) (width 0.1))
    (fp_line (start -2.18 -1.78) (end 2.18 -1.78) (layer F.CrtYd) (width 0.05))
    (fp_line (start 2.18 -1.78) (end 2.18 1.78) (layer F.CrtYd) (width 0.05))
    (fp_line (start -2.18 1.78) (end 2.18 1.78) (layer F.CrtYd) (width 0.05))
    (fp_line (start -2.18 -1.78) (end -2.18 1.78) (layer F.CrtYd) (width 0.05))
    (fp_line (start -1.635 1.645) (end 1.635 1.645) (layer F.SilkS) (width 0.12))
    (fp_line (start -1.87 -1.635) (end 1.635 -1.635) (layer F.SilkS) (width 0.12))
    (fp_line (start -1.525 -0.8) (end -1.525 1.525) (layer F.Fab) (width 0.1))
    (fp_line (start -1.525 1.525) (end 1.525 1.525) (layer F.Fab) (width 0.1))
    (fp_line (start 1.525 -1.525) (end 1.525 1.525) (layer F.Fab) (width 0.1))
    (fp_line (start -0.8 -1.525) (end 1.525 -1.525) (layer F.Fab) (width 0.1))
    (fp_text user %R (at 0 0) (layer F.Fab)
      (effects (font (size 0.7 0.7) (thickness 0.105)))
    )
    (pad 6 smd custom (at 0.5575 -0.6075) (size 1.725 0.99) (layers F.Cu F.Paste F.Mask)
      (net 36 /pyro_driver/FET_A) (zone_connect 2)
      (options (clearance outline) (anchor rect))
      (primitives
        (gr_poly (pts
           (xy 0.6125 0.495) (xy 1.3725 0.495) (xy 1.3725 0.09) (xy 0.8625 0.09) (xy 0.8625 -0.165)
           (xy 1.3725 -0.165) (xy 1.3725 -0.5875) (xy 0.6125 -0.5875)) (width 0))
      ))
    (pad 5 smd custom (at 0.5575 0.6075) (size 1.725 0.99) (layers F.Cu F.Paste F.Mask)
      (net 15 /pyro_driver/FET_B) (zone_connect 2)
      (options (clearance outline) (anchor rect))
      (primitives
        (gr_poly (pts
           (xy 0.6125 -0.495) (xy 1.3725 -0.495) (xy 1.3725 -0.09) (xy 0.8625 -0.09) (xy 0.8625 0.165)
           (xy 1.3725 0.165) (xy 1.3725 0.5875) (xy 0.6125 0.5875)) (width 0))
      ))
    (pad 4 smd rect (at -1.435 0.99) (size 0.99 0.405) (layers F.Cu F.Paste F.Mask)
      (net 14 /pyro_driver/FIRE_B))
    (pad 3 smd rect (at -1.435 0.33) (size 0.99 0.405) (layers F.Cu F.Paste F.Mask)
      (net 1 GND))
    (pad 2 smd rect (at -1.435 -0.33) (size 0.99 0.405) (layers F.Cu F.Paste F.Mask)
      (net 13 /pyro_driver/FIRE_A))
    (pad 1 smd rect (at -1.435 -0.99) (size 0.99 0.405) (layers F.Cu F.Paste F.Mask)
      (net 1 GND))
    (model ${KISYS3DMOD}/Package_SO.3dshapes/Vishay_PowerPAK_1212-8_Dual.wrl
      (at (xyz 0 0 0))
      (scale (xyz 1 1 1))
      (rotate (xyz 0 0 0))
    )
  )

  (module Resistor_SMD:R_0603_1608Metric (layer F.Cu) (tedit 5B301BBD) (tstamp 5D7CAF57)
    (at 256.1335 278.003)
    (descr "Resistor SMD 0603 (1608 Metric), square (rectangular) end terminal, IPC_7351 nominal, (Body size source: http://www.tortai-tech.com/upload/download/2011102023233369053.pdf), generated with kicad-footprint-generator")
    (tags resistor)
    (path /5D5B1705/5D759625)
    (attr smd)
    (fp_text reference R28 (at 0 -1.43) (layer F.SilkS)
      (effects (font (size 1 1) (thickness 0.15)))
    )
    (fp_text value 100K (at 0 1.43) (layer F.Fab)
      (effects (font (size 1 1) (thickness 0.15)))
    )
    (fp_text user %R (at 0 0) (layer F.Fab)
      (effects (font (size 0.4 0.4) (thickness 0.06)))
    )
    (fp_line (start 1.48 0.73) (end -1.48 0.73) (layer F.CrtYd) (width 0.05))
    (fp_line (start 1.48 -0.73) (end 1.48 0.73) (layer F.CrtYd) (width 0.05))
    (fp_line (start -1.48 -0.73) (end 1.48 -0.73) (layer F.CrtYd) (width 0.05))
    (fp_line (start -1.48 0.73) (end -1.48 -0.73) (layer F.CrtYd) (width 0.05))
    (fp_line (start -0.162779 0.51) (end 0.162779 0.51) (layer F.SilkS) (width 0.12))
    (fp_line (start -0.162779 -0.51) (end 0.162779 -0.51) (layer F.SilkS) (width 0.12))
    (fp_line (start 0.8 0.4) (end -0.8 0.4) (layer F.Fab) (width 0.1))
    (fp_line (start 0.8 -0.4) (end 0.8 0.4) (layer F.Fab) (width 0.1))
    (fp_line (start -0.8 -0.4) (end 0.8 -0.4) (layer F.Fab) (width 0.1))
    (fp_line (start -0.8 0.4) (end -0.8 -0.4) (layer F.Fab) (width 0.1))
    (pad 2 smd roundrect (at 0.7875 0) (size 0.875 0.95) (layers F.Cu F.Paste F.Mask) (roundrect_rratio 0.25)
      (net 64 /MCU/MCU_PB08))
    (pad 1 smd roundrect (at -0.7875 0) (size 0.875 0.95) (layers F.Cu F.Paste F.Mask) (roundrect_rratio 0.25)
      (net 47 Vdrive))
    (model ${KISYS3DMOD}/Resistor_SMD.3dshapes/R_0603_1608Metric.wrl
      (at (xyz 0 0 0))
      (scale (xyz 1 1 1))
      (rotate (xyz 0 0 0))
    )
  )

  (module Resistor_SMD:R_0603_1608Metric (layer F.Cu) (tedit 5B301BBD) (tstamp 5D7C0159)
    (at 253.365 276.098 270)
    (descr "Resistor SMD 0603 (1608 Metric), square (rectangular) end terminal, IPC_7351 nominal, (Body size source: http://www.tortai-tech.com/upload/download/2011102023233369053.pdf), generated with kicad-footprint-generator")
    (tags resistor)
    (path /5D6468D5/5D6A6316)
    (attr smd)
    (fp_text reference R6 (at 0 -1.43 90) (layer F.SilkS)
      (effects (font (size 1 1) (thickness 0.15)))
    )
    (fp_text value 27K (at 0 1.43 90) (layer F.Fab)
      (effects (font (size 1 1) (thickness 0.15)))
    )
    (fp_line (start -0.8 0.4) (end -0.8 -0.4) (layer F.Fab) (width 0.1))
    (fp_line (start -0.8 -0.4) (end 0.8 -0.4) (layer F.Fab) (width 0.1))
    (fp_line (start 0.8 -0.4) (end 0.8 0.4) (layer F.Fab) (width 0.1))
    (fp_line (start 0.8 0.4) (end -0.8 0.4) (layer F.Fab) (width 0.1))
    (fp_line (start -0.162779 -0.51) (end 0.162779 -0.51) (layer F.SilkS) (width 0.12))
    (fp_line (start -0.162779 0.51) (end 0.162779 0.51) (layer F.SilkS) (width 0.12))
    (fp_line (start -1.48 0.73) (end -1.48 -0.73) (layer F.CrtYd) (width 0.05))
    (fp_line (start -1.48 -0.73) (end 1.48 -0.73) (layer F.CrtYd) (width 0.05))
    (fp_line (start 1.48 -0.73) (end 1.48 0.73) (layer F.CrtYd) (width 0.05))
    (fp_line (start 1.48 0.73) (end -1.48 0.73) (layer F.CrtYd) (width 0.05))
    (fp_text user %R (at 0 0 90) (layer F.Fab)
      (effects (font (size 0.4 0.4) (thickness 0.06)))
    )
    (pad 1 smd roundrect (at -0.7875 0 270) (size 0.875 0.95) (layers F.Cu F.Paste F.Mask) (roundrect_rratio 0.25)
      (net 60 /MCU/MCU_PA04))
    (pad 2 smd roundrect (at 0.7875 0 270) (size 0.875 0.95) (layers F.Cu F.Paste F.Mask) (roundrect_rratio 0.25)
      (net 1 GND))
    (model ${KISYS3DMOD}/Resistor_SMD.3dshapes/R_0603_1608Metric.wrl
      (at (xyz 0 0 0))
      (scale (xyz 1 1 1))
      (rotate (xyz 0 0 0))
    )
  )

  (module Resistor_SMD:R_0603_1608Metric (layer F.Cu) (tedit 5B301BBD) (tstamp 5D7CAF27)
    (at 259.207 278.003)
    (descr "Resistor SMD 0603 (1608 Metric), square (rectangular) end terminal, IPC_7351 nominal, (Body size source: http://www.tortai-tech.com/upload/download/2011102023233369053.pdf), generated with kicad-footprint-generator")
    (tags resistor)
    (path /5D5B1705/5D75961B)
    (attr smd)
    (fp_text reference R29 (at 0 -1.43) (layer F.SilkS)
      (effects (font (size 1 1) (thickness 0.15)))
    )
    (fp_text value 100K (at 0 1.43) (layer F.Fab)
      (effects (font (size 1 1) (thickness 0.15)))
    )
    (fp_line (start -0.8 0.4) (end -0.8 -0.4) (layer F.Fab) (width 0.1))
    (fp_line (start -0.8 -0.4) (end 0.8 -0.4) (layer F.Fab) (width 0.1))
    (fp_line (start 0.8 -0.4) (end 0.8 0.4) (layer F.Fab) (width 0.1))
    (fp_line (start 0.8 0.4) (end -0.8 0.4) (layer F.Fab) (width 0.1))
    (fp_line (start -0.162779 -0.51) (end 0.162779 -0.51) (layer F.SilkS) (width 0.12))
    (fp_line (start -0.162779 0.51) (end 0.162779 0.51) (layer F.SilkS) (width 0.12))
    (fp_line (start -1.48 0.73) (end -1.48 -0.73) (layer F.CrtYd) (width 0.05))
    (fp_line (start -1.48 -0.73) (end 1.48 -0.73) (layer F.CrtYd) (width 0.05))
    (fp_line (start 1.48 -0.73) (end 1.48 0.73) (layer F.CrtYd) (width 0.05))
    (fp_line (start 1.48 0.73) (end -1.48 0.73) (layer F.CrtYd) (width 0.05))
    (fp_text user %R (at 0 0) (layer F.Fab)
      (effects (font (size 0.4 0.4) (thickness 0.06)))
    )
    (pad 1 smd roundrect (at -0.7875 0) (size 0.875 0.95) (layers F.Cu F.Paste F.Mask) (roundrect_rratio 0.25)
      (net 64 /MCU/MCU_PB08))
    (pad 2 smd roundrect (at 0.7875 0) (size 0.875 0.95) (layers F.Cu F.Paste F.Mask) (roundrect_rratio 0.25)
      (net 1 GND))
